# N(0)*V, %_difference, Tc(K), WCL_Tc(K), done using Debye_temperature of 200.0
0.005 100.0 3.15528408096e-85 3.15528408096e-85
0.006 100.0 9.45194523093e-71 9.45194523093e-71
0.007 100.0 2.06950273018e-60 2.06950273018e-60
0.008 100.0 1.17794390429e-52 1.17794390429e-52
0.009 100.0 1.26762972143e-46 1.26762972143e-46
0.01 100.0 8.48177322533e-42 8.48177322533e-42
0.011 100.0 7.52693750798e-38 7.52693750798e-38
0.012 100.0 1.46800664598e-34 1.46800664598e-34
0.013 100.0 8.9262081164e-32 8.9262081164e-32
0.014 100.0 2.17220308093e-29 2.17220308093e-29
0.015 100.0 2.54079359988e-27 2.54079359988e-27
0.016 100.0 1.63881423651e-25 1.63881423651e-25
0.017 100.0 6.47441624978e-24 6.47441624978e-24
0.018 100.0 1.70005757692e-22 1.70005757692e-22
0.019 100.0 3.16468534775e-21 3.16468534775e-21
0.02 100.0 4.39754965336e-20 4.39754965336e-20
0.021 100.0 4.75603708727e-19 4.75603708727e-19
0.022 100.0 4.14263412797e-18 4.14263412797e-18
0.023 100.0 2.98927636671e-17 2.98927636671e-17
0.024 100.0 1.82949587396e-16 1.82949587396e-16
0.025 100.0 9.68624770206e-16 9.68624770206e-16
0.026 100.0 4.51129188874e-15 4.51129188874e-15
0.027 100.0 1.87479607561e-14 1.87479607561e-14
0.028 100.0 7.03748749522e-14 7.03748749522e-14
0.029 100.0 2.41136557868e-13 2.41136557868e-13
0.03 100.0 7.61118217343e-13 7.61118217343e-13
0.031 100.0 2.23067053531e-12 2.23067053531e-12
0.032 100.0 6.11268881854e-12 6.11268881854e-12
0.033 100.0 1.57578151444e-11 1.57578151444e-11
0.034 100.0 3.84209175443e-11 3.84209175443e-11
0.035 100.0 8.9026864585e-11 8.9026864585e-11
0.036 100.0 1.96878929177e-10 1.96878929177e-10
0.037 100.0 4.17105721256e-10 4.17105721255e-10
0.038 100.0 8.49439968033e-10 8.4943996803e-10
0.039 100.0 1.66793415024e-09 1.66793415023e-09
0.04 100.0 3.16645120126e-09 3.16645120121e-09
0.041 100.0 5.82621501221e-09 5.82621501206e-09
0.042 100.0 1.04133397908e-08 1.04133397904e-08
0.043 100.0 1.81160359929e-08 1.81160359914e-08
0.044 100.0 3.0733053565e-08 3.07330535609e-08
0.045 100.0 5.09267967568e-08 5.09267967454e-08
0.046 100.0 8.25563451288e-08 8.25563450989e-08
0.047 100.0 1.31107254098e-07 1.31107254023e-07
0.048 100.0 2.04236397346e-07 2.04236397163e-07
0.049 100.0 3.12451170312e-07 3.12451169884e-07
0.05 100.0 4.69943026885e-07 4.69943025916e-07
0.051 100.0 6.9559551285e-07 6.95595510727e-07
0.052 100.0 1.01418664938e-06 1.01418664487e-06
0.053 100.0 1.4578046869e-06 1.45780467758e-06
0.054 100.0 2.06749489236e-06 2.06749487361e-06
0.055 100.0 2.89515316916e-06 2.8951531324e-06
0.056 100.0 4.00567997385e-06 4.00567990347e-06
0.057 100.0 5.47940523784e-06 5.47940510615e-06
0.058 100.0 7.41479188986e-06 7.41479164872e-06
0.059 100.0 9.93142217761e-06 9.931421745e-06
0.06 100.0 1.31732673854e-05 1.31732666243e-05
0.061 100.0 1.73122378206e-05 1.73122365061e-05
0.062 100.0 2.25520061782e-05 2.25520039476e-05
0.063 100.0 2.91320936688e-05 2.91320899466e-05
0.064 100.0 3.73322046902e-05 3.73321985775e-05
0.065 100.0 4.74767923972e-05 4.74767825111e-05
0.066 100.0 5.99398343506e-05 5.99398185928e-05
0.067 100.0 7.51497945399e-05 7.51497697702e-05
0.068 100.0 9.35947455368e-05 9.35947071159e-05
0.069 100.0 0.000115827622359 0.000115827563517
0.07 100.0 0.000142471577843 0.000142471488816
0.071 99.9999999999 0.000174225407946 0.000174225274812
0.072 99.9999999999 0.000211869014435 0.000211868817555
0.073 99.9999999999 0.000256268871833 0.000256268583791
0.074 99.9999999998 0.000308383465353 0.000308383048247
0.075 99.9999999997 0.000369268666714 0.000369268068647
0.076 99.9999999996 0.000440083015305 0.000440082165863
0.077 99.9999999995 0.000522092873053 0.000522091677526
0.078 99.9999999993 0.00061667742249 0.000616675754551
0.079 99.999999999 0.000725333478974 0.000725331171488
0.08 99.9999999986 0.000849680089697 0.000849676923234
0.081 99.9999999981 0.000991462893931 0.000991458582552
0.082 99.9999999974 0.00115255822104 0.0011525523948
0.083 99.9999999966 0.00133497690489 0.00133496908843
0.084 99.9999999954 0.00154086779559 0.00154085738218
0.085 99.999999994 0.00177252095168 0.00177250717183
0.086 99.9999999921 0.00203237049855 0.00203235238235
0.087 99.9999999896 0.00232299714066 0.00232297347285
0.088 99.9999999865 0.00264713031822 0.00264709958481
0.089 99.9999999826 0.00300765000055 0.00300761032582
0.09 99.9999999777 0.00340758811121 0.00340753718365
0.091 99.9999999715 0.00385012958169 0.00385006456745
0.092 99.9999999638 0.00433861303292 0.00433853047501
0.093 99.9999999543 0.00487653108549 0.00487642678704
0.094 99.9999999425 0.00546753030171 0.00546739919131
0.095 99.9999999281 0.0061154107641 0.00611524674109
0.096 99.9999999104 0.00682412529666 0.00682392105415
0.097 99.999999889 0.00759777833682 0.00759752516002
0.098 99.999999863 0.00844062446725 0.00844031200451
0.099 99.9999998316 0.00935706661793 0.00935668262186
0.1 99.9999997939 0.0103516539502 0.0103511839858
0.101 99.9999997487 0.0114290794352 0.0114285065523
0.102 99.9999996949 0.0125941771401 0.0125934815062
0.103 99.9999996309 0.0138519192362 0.0138510777274
0.104 99.9999995552 0.0152074127441 0.0152063984898
0.105 99.9999994657 0.01666589603 0.0166646779081
0.106 99.9999993606 0.0182327350704 0.0182312771491
0.107 99.9999992372 0.0199134194993 0.0199116804219
0.108 99.9999990931 0.0217135584555 0.0217114907637
0.109 99.9999989252 0.023638876245 0.0236364256373
0.11 99.9999987301 0.0256952078352 0.0256923123558
0.111 99.999998504 0.0278884941972 0.0278850833508
0.112 99.9999982429 0.0302247775113 0.0302207713004
0.113 99.9999979421 0.0327101962523 0.0327055041318
0.114 99.9999975964 0.0353509801691 0.0353454999145
0.115 99.9999972002 0.0381534451755 0.0381470616587
0.116 99.9999967473 0.041123988164 0.041116572035
0.117 99.9999962308 0.0442690817601 0.044260488027
0.118 99.9999956432 0.0475952690287 0.0475853355338
0.119 99.9999949762 0.0511091581471 0.0510977039338
0.12 99.9999942209 0.0548174170575 0.0548042406236
0.121 99.9999933673 0.0587267681102 0.0587116455436
0.122 99.9999924048 0.0628439827116 0.0628266657033
0.123 99.9999913218 0.0671758759853 0.0671560897171
0.124 99.9999901057 0.07172930146 0.0717067423611
0.125 99.9999887427 0.0765111457918 0.0764854791618
0.126 99.9999872182 0.0815283235324 0.0814991810254
0.127 99.9999855162 0.0867877719508 0.0867547489185
0.128 99.9999836196 0.0922964459174 0.0922590986064
0.129 99.9999815099 0.0980613128587 0.0980191554593
0.13 99.9999791673 0.10408934779 0.104041849332
0.131 99.9999765707 0.11038752843 0.110334109528
0.132 99.9999736971 0.116962830409 0.116902859842
0.133 99.9999705224 0.123822222573 0.12375501371
0.134 99.9999670206 0.130972662386 0.130897469447
0.135 99.9999631641 0.138421091439 0.138337105592
0.136 99.9999589234 0.146174431074 0.146080776362
0.137 99.9999542671 0.154239578115 0.154135307217
0.138 99.9999491622 0.162623400719 0.162507490541
0.139 99.9999435733 0.171332734351 0.171204081442
0.14 99.9999374631 0.180374377872 0.180231793671
0.141 99.9999307921 0.189755089757 0.18959729567
0.142 99.9999235185 0.199481584445 0.199307206737
0.143 99.9999155985 0.2095605288 0.209368093325
0.144 99.9999069854 0.219998538718 0.219786465467
0.145 99.9998976305 0.230802175852 0.230568773332
0.146 99.9998874822 0.241977944465 0.241721403902
0.147 99.9998764866 0.253532288423 0.253250677792
0.148 99.9998645868 0.265471588305 0.265162846191
0.149 99.9998517234 0.277802158648 0.277464087935
0.15 99.9998378339 0.290530245316 0.290160506705
0.151 99.9998228532 0.303662023003 0.303258128368
0.152 99.999806713 0.31720359285 0.316762898422
0.153 99.9997893418 0.331160980198 0.330680679592
0.154 99.9997706654 0.345540132455 0.345017249534
0.155 99.999750606 0.360346917092 0.359778298668
0.156 99.9997290826 0.375587119749 0.374969428137
0.157 99.9997060111 0.391266442468 0.390596147883
0.158 99.9996813039 0.407390502033 0.406663874839
0.159 99.9996548697 0.423964828431 0.423177931242
0.16 99.9996266139 0.440994863418 0.44014354306
0.161 99.9995964383 0.458485959197 0.457565838528
0.162 99.9995642411 0.476443377198 0.4754498468
0.163 99.9995299165 0.494872286968 0.4938004967
0.164 99.9994933555 0.513777765158 0.512622615589
0.165 99.9994544446 0.53316479461 0.531920928327
0.166 99.999413067 0.553038263535 0.551700056337
0.167 99.9993691017 0.573402964797 0.571964516772
0.168 99.9993224239 0.594263595272 0.592718721769
0.169 99.9992729046 0.615624755306 0.613966977804
0.17 99.9992204109 0.637490948256 0.635713485131
0.171 99.9991648058 0.659866580109 0.657962337314
0.172 99.9991059481 0.682755959188 0.680717520838
0.173 99.9990436925 0.70616329593 0.70398291481
0.174 99.9989778895 0.730092702739 0.727762290731
0.175 99.9989083853 0.754548193915 0.752059312354
0.176 99.9988350219 0.779533685648 0.77687753561
0.177 99.9987576371 0.805052996081 0.80222040861
0.178 99.9986760642 0.831109845435 0.828091271712
0.179 99.9985901322 0.857707856199 0.854493357664
0.18 99.998499666 0.884850553375 0.8814297918
0.181 99.9984044858 0.912541364782 0.908903592306
0.182 99.9983044075 0.940783621418 0.936917670545
0.183 99.9981992428 0.969580557862 0.965474831434
0.184 99.9980887987 0.998935312741 0.994577773883
0.185 99.9979728781 1.02885092923 1.02422909128
0.186 99.9978512791 1.05933035561 1.05443127203
0.187 99.9977237958 1.09037644585 1.08518670016
0.188 99.9975902174 1.12199196025 1.1164976559
0.189 99.9974503291 1.15417956613 1.14836631641
0.19 99.9973039114 1.18694183851 1.1807947565
0.191 99.9971507406 1.22028126086 1.21378494933
0.192 99.9969905883 1.25420022589 1.24733876727
0.193 99.9968232221 1.28870103635 1.2814579827
0.194 99.9966484048 1.32378590586 1.31614426887
0.195 99.9964658952 1.35945695979 1.3513992008
0.196 99.9962754474 1.39571623612 1.38722425621
0.197 99.9960768115 1.43256568637 1.42362081649
0.198 99.9958697329 1.47000717653 1.46059016763
0.199 99.9956539532 1.50804248802 1.4981335013
0.2 99.9954292093 1.54667331864 1.53625191579
0.201 99.995195234 1.58590128358 1.57494641716
0.202 99.994951756 1.62572791642 1.61421792021
0.203 99.9946984998 1.66615467014 1.65406724965
0.204 99.9944351855 1.70718291817 1.69449514116
0.205 99.9941615294 1.74881395542 1.73550224252
0.206 99.9938772436 1.79104899934 1.77708911477
0.207 99.9935820361 1.83388919097 1.81925623333
0.208 99.993275611 1.87733559605 1.86200398917
0.209 99.9929576684 1.92138920605 1.90533268998
0.21 99.9926279044 1.9660509393 1.94924256137
0.211 99.9922860114 2.01132164206 1.99373374804
0.212 99.9919316778 2.05720208959 2.03880631498
0.213 99.9915645883 2.10369298731 2.08446024868
0.214 99.9911844239 2.15079497184 2.13069545834
0.215 99.9907908618 2.19850861213 2.17751177707
0.216 99.9903835757 2.24683441056 2.22490896311
0.217 99.9899622355 2.29577280403 2.27288670107
0.218 99.9895265079 2.34532416506 2.32144460311
0.219 99.9890760558 2.39548880293 2.37058221021
0.22 99.9886105389 2.4462669647 2.42029899333
0.221 99.9881296133 2.49765883637 2.4705943547
0.222 99.987632932 2.54966454394 2.52146762898
0.223 99.9871201447 2.6022841545 2.5729180845
0.224 99.9865908979 2.65551767731 2.62494492447
0.225 99.9860448348 2.70936506488 2.6775472882
0.226 99.9854815957 2.76382621401 2.73072425229
0.227 99.984900818 2.81890096691 2.78447483184
0.228 99.9843021357 2.8745891122 2.83879798163
0.229 99.9836851804 2.93089038599 2.89369259733
0.23 99.9830495806 2.98780447291 2.94915751668
0.231 99.9823949621 3.04533100714 3.00519152065
0.232 99.9817209479 3.10346957346 3.06179333463
0.233 99.9810271585 3.16221970823 3.11896162957
0.234 99.9803132117 3.22158090041 3.17669502316
0.235 99.979578723 3.28155259256 3.23499208094
0.236 99.9788233051 3.34213418186 3.29385131749
0.237 99.9780465686 3.40332502103 3.35327119748
0.238 99.9772481217 3.46512441933 3.41325013688
0.239 99.9764275704 3.52753164353 3.47378650399
0.24 99.9755845183 3.59054591884 3.53487862057
0.241 99.9747185671 3.65416642985 3.59652476295
0.242 99.9738293165 3.71839232147 3.65872316306
0.243 99.9729163639 3.78322269982 3.72147200954
0.244 99.9719793051 3.84865663317 3.78476944877
0.245 99.9710177338 3.91469315282 3.84861358592
0.246 99.9700312421 3.98133125396 3.91300248601
0.247 99.9690194203 4.04856989659 3.97793417487
0.248 99.967981857 4.11640800632 4.04340664024
0.249 99.9669181392 4.18484447529 4.10941783268
0.25 99.9658278525 4.25387816294 4.17596566663
0.251 99.9647105809 4.32350789689 4.24304802133
0.252 99.9635659071 4.39373247372 4.31066274183
0.253 99.9623934123 4.4645506598 4.3788076399
0.254 99.9611926767 4.53596119205 4.447480495
0.255 99.9599632791 4.60796277876 4.5166790552
0.256 99.9587047973 4.68055410031 4.5864010381
0.257 99.9574168078 4.75373380999 4.6566441317
0.258 99.9560988863 4.82750053468 4.72740599533
0.259 99.9547506074 4.90185287564 4.79868426054
0.26 99.953371545 4.97678940919 4.8704765319
0.261 99.9519612721 5.05230868746 4.94278038793
0.262 99.9505193609 5.12840923906 5.01559338187
0.263 99.9490453828 5.20508956978 5.08891304259
0.264 99.9475389088 5.28234816327 5.16273687533
0.265 99.9459995091 5.36018348171 5.23706236255
0.266 99.9444267536 5.43859396645 5.31188696471
0.267 99.9428202116 5.51757803867 5.38720812105
0.268 99.9411794519 5.59713410002 5.46302325035
0.269 99.9395040432 5.67726053321 5.53932975172
0.27 99.9377935538 5.75795570265 5.61612500528
0.271 99.9360475517 5.83921795507 5.69340637297
0.272 99.9342656049 5.92104562004 5.7711711992
0.273 99.9324472811 6.00343701063 5.84941681161
0.274 99.9305921482 6.08639042394 5.92814052173
0.275 99.9286997737 6.16990414165 6.00733962569
0.276 99.9267697256 6.25397643059 6.08701140489
0.277 99.9248015716 6.33860554328 6.16715312664
0.278 99.92279488 6.42378971845 6.24776204482
0.279 99.9207492189 6.50952718155 6.32883540055
0.28 99.9186641568 6.59581614527 6.41037042277
0.281 99.9165392626 6.68265481007 6.49236432888
0.282 99.9143741056 6.77004136459 6.57481432535
0.283 99.9121682553 6.85797398622 6.6577176083
0.284 99.9099212818 6.94645084152 6.74107136411
0.285 99.9076327558 7.03547008668 6.82487276994
0.286 99.9053022484 7.12502986802 6.90911899435
0.287 99.9029293313 7.21512832235 6.99380719781
0.288 99.9005135771 7.3057635775 7.07893453329
0.289 99.8980545588 7.39693375269 7.16449814671
0.29 99.8955518503 7.48863695894 7.25049517755
0.291 99.8930050262 7.58087129952 7.33692275929
0.292 99.8904136621 7.67363487032 7.42377801996
0.293 99.8877773344 7.76692576026 7.51105808259
0.294 99.8850956202 7.86074205165 7.59876006574
0.295 99.8823680979 7.9550818206 7.6868810839
0.296 99.8795943468 8.04994313734 7.77541824802
0.297 99.8767739471 8.14532406665 7.86436866593
0.298 99.8739064801 8.24122266814 7.95372944279
0.299 99.8709915284 8.33763699664 8.0434976815
0.3 99.8680286757 8.43456510253 8.13367048317
0.301 99.8650175068 8.53200503205 8.2242449475
0.302 99.8619576077 8.62995482765 8.31521817319
0.303 99.8588485658 8.7284125283 8.40658725836
0.304 99.8556899698 8.82737616977 8.49834930091
0.305 99.8524814096 8.92684378498 8.59050139891
0.306 99.8492224767 9.02681340425 8.68304065101
0.307 99.8459127636 9.1272830556 8.77596415673
0.308 99.8425518648 9.22825076508 8.86926901688
0.309 99.8391393758 9.32971455696 8.96295233388
0.31 99.8356748939 9.43167245406 9.05701121211
0.311 99.8321580176 9.534122478 9.15144275824
0.312 99.8285883474 9.63706264946 9.24624408154
0.313 99.824965485 9.74049098839 9.34141229422
0.314 99.821289034 9.84440551431 9.43694451173
0.315 99.8175585993 9.94880424654 9.53283785306
0.316 99.813773788 10.0536852044 9.62908944103
0.317 99.8099342084 10.1590464074 9.7256964026
0.318 99.8060394708 10.2648858757 9.82265586912
0.319 99.8020891872 10.3712016299 9.91996497664
0.32 99.7980829713 10.4779916916 10.0176208661
0.321 99.7940204387 10.5852540836 10.1156206838
0.322 99.7899012068 10.6929868299 10.2139615813
0.323 99.7857248948 10.8011879559 10.312640716
0.324 99.7814911238 10.9098554889 10.4116552512
0.325 99.7771995169 11.0189874579 10.5110023565
0.326 99.7728496989 11.1285818941 10.6106792076
0.327 99.7684412967 11.2386368308 10.7106829873
0.328 99.7639739392 11.3491503037 10.8110108849
0.329 99.759447257 11.4601203511 10.9116600969
0.33 99.7548608829 11.5715450141 11.0126278271
0.331 99.7502144518 11.6834223365 11.1139112867
0.332 99.7455076004 11.7957503655 11.2155076945
0.333 99.7407399677 11.908527151 11.3174142773
0.334 99.7359111944 12.0217507466 11.41962827
0.335 99.7310209237 12.1354192093 11.5221469154
0.336 99.7260688006 12.2495305996 11.624967465
0.337 99.7210544723 12.3640829819 11.7280871788
0.338 99.7159775882 12.4790744243 11.8315033254
0.339 99.7108377997 12.5945029991 11.9352131824
0.34 99.7056347604 12.7103667826 12.0392140362
0.341 99.7003681261 12.8266638554 12.1435031828
0.342 99.6950375547 12.9433923023 12.2480779271
0.343 99.6896427065 13.0605502129 12.3529355837
0.344 99.6841832437 13.1781356811 12.4580734767
0.345 99.6786588309 13.2961468056 12.56348894
0.346 99.6730691349 13.4145816898 12.6691793174
0.347 99.6674138248 13.533438442 12.7751419625
0.348 99.6616925716 13.6527151757 12.8813742391
0.349 99.6559050491 13.7724100092 12.9878735211
0.35 99.6500509329 13.8925210661 13.094637193
0.351 99.644129901 14.0130464751 13.2016626494
0.352 99.6381416338 14.1339843705 13.3089472957
0.353 99.6320858139 14.2553328918 13.4164885476
0.354 99.6259621262 14.3770901841 13.5242838318
0.355 99.6197702578 14.499254398 13.6323305857
0.356 99.6135098982 14.6218236897 13.7406262576
0.357 99.6071807392 14.7447962213 13.8491683067
0.358 99.600782475 14.8681701605 13.9579542035
0.359 99.594314802 14.9919436809 14.0669814294
0.36 99.5877774188 15.1161149621 14.176247477
0.361 99.5811700267 15.2406821895 14.2857498505
0.362 99.574492329 15.3656435547 14.3954860649
0.363 99.5677440316 15.4909972553 14.5054536472
0.364 99.5609248424 15.6167414949 14.6156501355
0.365 99.5540344719 15.7428744837 14.7260730796
0.366 99.547072633 15.8693944376 14.8367200407
0.367 99.5400390407 15.9962995792 14.9475885919
0.368 99.5329334125 16.1235881373 15.0586763178
0.369 99.5257554683 16.2512583471 15.1699808149
0.37 99.5185049303 16.3793084501 15.2814996912
0.371 99.511181523 16.5077366944 15.3932305668
0.372 99.5037849733 16.6365413345 15.5051710737
0.373 99.4963150105 16.7657206315 15.6173188555
0.374 99.4887713661 16.8952728532 15.729671568
0.375 99.4811537742 17.0251962736 15.8422268788
0.376 99.473461971 17.1554891738 15.9549824677
0.377 99.4656956952 17.2861498412 16.0679360263
0.378 99.4578546879 17.4171765701 16.1810852585
0.379 99.4499386924 17.5485676613 16.29442788
0.38 99.4419474544 17.6803214227 16.4079616187
0.381 99.433880722 17.8124361686 16.5216842148
0.382 99.4257382456 17.9449102203 16.6355934204
0.383 99.417519778 18.0777419058 16.7496869997
0.384 99.4092250743 18.21092956 16.8639627294
0.385 99.4008538919 18.3444715245 16.978418398
0.386 99.3924059906 18.4783661479 17.0930518064
0.387 99.3838811324 18.6126117857 17.2078607676
0.388 99.3752790819 18.7472068002 17.3228431068
0.389 99.3665996057 18.8821495605 17.4379966614
0.39 99.3578424729 19.0174384429 17.553319281
0.391 99.3490074549 19.1530718303 17.6688088275
0.392 99.3400943255 19.2890481127 17.7844631748
0.393 99.3311028606 19.4253656871 17.9002802092
0.394 99.3220328385 19.5620229573 18.016257829
0.395 99.3128840398 19.699018334 18.1323939447
0.396 99.3036562474 19.8363502352 18.2486864793
0.397 99.2943492466 19.9740170854 18.3651333676
0.398 99.2849628247 20.1120173164 18.4817325566
0.399 99.2754967715 20.2503493667 18.5984820057
0.4 99.265950879 20.3890116821 18.7153796862
0.401 99.2563249415 20.5280027151 18.8324235817
0.402 99.2466187555 20.6673209251 18.9496116876
0.403 99.2368321197 20.8069647788 19.0669420118
0.404 99.2269648353 20.9469327495 19.1844125739
0.405 99.2170167054 21.0872233176 19.3020214059
0.406 99.2069875355 21.2278349706 19.4197665516
0.407 99.1968771334 21.3687662027 19.5376460669
0.408 99.186685309 21.510015515 19.6556580196
0.409 99.1764118744 21.651581416 19.7738004896
0.41 99.166056644 21.7934624205 19.8920715687
0.411 99.1556194342 21.9356570506 20.0104693606
0.412 99.1451000639 22.0781638353 20.1289919809
0.413 99.1344983538 22.2209813104 20.2476375571
0.414 99.1238141272 22.3641080185 20.3664042285
0.415 99.1130472092 22.5075425093 20.4852901462
0.416 99.1021974272 22.6512833393 20.6042934732
0.417 99.0912646107 22.7953290717 20.7234123841
0.418 99.0802485914 22.9396782768 20.8426450652
0.419 99.0691492032 23.0843295314 20.9619897147
0.42 99.0579662819 23.2292814196 21.0814445423
0.421 99.0466996656 23.3745325317 21.2010077694
0.422 99.0353491945 23.5200814654 21.3206776288
0.423 99.0239147108 23.6659268246 21.4404523652
0.424 99.0123960587 23.8120672205 21.5603302344
0.425 99.0007930848 23.9585012707 21.680309504
0.426 98.9891056375 24.1052275995 21.8003884529
0.427 98.9773335673 24.2522448382 21.9205653716
0.428 98.9654767268 24.3995516245 22.0408385617
0.429 98.9535349707 24.547146603 22.1612063362
0.43 98.9415081556 24.6950284248 22.2816670196
0.431 98.9293961402 24.8431957478 22.4022189474
0.432 98.9171987851 24.9916472363 22.5228604664
0.433 98.9049159532 25.1403815613 22.6435899347
0.434 98.8925475091 25.2893974006 22.7644057213
0.435 98.8800933194 25.4386934382 22.8853062065
0.436 98.8675532529 25.5882683648 23.0062897815
0.437 98.8549271801 25.7381208779 23.1273548486
0.438 98.8422149737 25.888249681 23.248499821
0.439 98.8294165081 26.0386534844 23.3697231229
0.44 98.8165316598 26.1893310048 23.4910231893
0.441 98.8035603073 26.3402809654 23.612398466
0.442 98.7905023307 26.4915020957 23.7338474098
0.443 98.7773576124 26.6429931317 23.855368488
0.444 98.7641260364 26.7947528157 23.9769601786
0.445 98.7508074887 26.9467798964 24.0986209705
0.446 98.7374018571 27.0990731287 24.220349363
0.447 98.7239090315 27.2516312741 24.342143866
0.448 98.7103289034 27.4044531001 24.4640029999
0.449 98.6966613662 27.5575373806 24.5859252957
0.45 98.6829063153 27.7108828957 24.7079092946
0.451 98.6690636476 27.8644884318 24.8299535484
0.452 98.6551332622 28.0183527813 24.9520566191
0.453 98.6411150597 28.1724747429 25.074217079
0.454 98.6270089427 28.3268531214 25.1964335107
0.455 98.6128148154 28.4814867279 25.3187045069
0.456 98.5985325839 28.6363743792 25.4410286705
0.457 98.584162156 28.7915148987 25.5634046144
0.458 98.5697034414 28.9469071153 25.6858309617
0.459 98.5551563513 29.1025498643 25.8083063453
0.46 98.5405207989 29.2584419869 25.9308294083
0.461 98.5257966988 29.4145823302 26.0533988035
0.462 98.5109839677 29.5709697473 26.1760131935
0.463 98.4960825236 29.7276030972 26.298671251
0.464 98.4810922865 29.8844812449 26.4213716581
0.465 98.466013178 30.041603061 26.5441131068
0.466 98.4508451212 30.1989674224 26.6668942988
0.467 98.4355880412 30.3565732114 26.7897139452
0.468 98.4202418643 30.5144193162 26.9125707668
0.469 98.4048065189 30.6725046309 27.035463494
0.47 98.3892819347 30.8308280553 27.1583908664
0.471 98.3736680432 30.9893884948 27.2813516333
0.472 98.3579647774 31.1481848607 27.4043445531
0.473 98.3421720719 31.3072160697 27.5273683937
0.474 98.326289863 31.4664810444 27.6504219322
0.475 98.3103180885 31.6259787129 27.7735039547
0.476 98.2942566878 31.7857080088 27.896613257
0.477 98.2781056017 31.9456678715 28.0197486434
0.478 98.2618647728 32.1058572457 28.1429089276
0.479 98.245534145 32.2662750817 28.2660929324
0.48 98.229113664 32.4269203354 28.3892994893
0.481 98.2126032767 32.587791968 28.5125274388
0.482 98.1960029317 32.7488889462 28.6357756304
0.483 98.179312579 32.9102102421 28.7590429223
0.484 98.1625321702 33.0717548333 28.8823281814
0.485 98.1456616583 33.2335217025 29.0056302836
0.486 98.1287009978 33.395509838 29.1289481131
0.487 98.1116501446 33.5577182333 29.252280563
0.488 98.0945090561 33.720145887 29.3756265349
0.489 98.077277691 33.8827918034 29.4989849389
0.49 98.0599560097 34.0456549915 29.6223546936
0.491 98.0425439737 34.2087344659 29.7457347259
0.492 98.0250415461 34.3720292462 29.8691239712
0.493 98.0074486913 34.5355383573 29.9925213734
0.494 97.9897653752 34.6992608289 30.1159258843
0.495 97.9719915649 34.8631956962 30.2393364643
0.496 97.9541272291 35.0273419993 30.3627520817
0.497 97.9361723377 35.1916987832 30.4861717131
0.498 97.9181268618 35.3562650982 30.6095943431
0.499 97.8999907742 35.5210399994 30.7330189645
0.5 97.8817640487 35.6860225469 30.8564445779
0.501 97.8634466606 35.8512118059 30.979870192
0.502 97.8450385863 36.0166068464 31.1032948233
0.503 97.8265398039 36.1822067433 31.2267174961
0.504 97.8079502923 36.3480105763 31.3501372427
0.505 97.7892700319 36.5140174302 31.473553103
0.506 97.7704990046 36.6802263943 31.5969641247
0.507 97.7516371931 36.8466365629 31.720369363
0.508 97.7326845816 37.013247035 31.843767881
0.509 97.7136411556 37.1800569144 31.9671587491
0.51 97.6945069017 37.3470653096 32.0905410454
0.511 97.6752818077 37.5142713338 32.2139138553
0.512 97.6559658627 37.6816741049 32.3372762719
0.513 97.6365590571 37.8492727453 32.4606273954
0.514 97.6170613822 38.0170663822 32.5839663336
0.515 97.5974728306 38.1850541474 32.7072922013
0.516 97.5777933963 38.3532351772 32.8306041208
0.517 97.5580230742 38.5216086123 32.9539012215
0.518 97.5381618604 38.6901735983 33.07718264
0.519 97.5182097522 38.858929285 33.2004475201
0.52 97.498166748 39.0278748268 33.3236950123
0.521 97.4780328474 39.1970093825 33.4469242746
0.522 97.457808051 39.3663321154 33.5701344717
0.523 97.4374923606 39.5358421932 33.6933247753
0.524 97.417085779 39.7055387878 33.8164943639
0.525 97.3965883103 39.8754210757 33.9396424232
0.526 97.3759999594 40.0454882377 34.0627681452
0.527 97.3553207325 40.2157394588 34.1858707289
0.528 97.3345506368 40.3861739283 34.3089493802
0.529 97.3136896805 40.55679084 34.4320033114
0.53 97.2927378728 40.7275893915 34.5550317416
0.531 97.2716952242 40.898568785 34.6780338963
0.532 97.250561746 41.0697282268 34.8010090077
0.533 97.2293374505 41.2410669274 34.9239563145
0.534 97.2080223511 41.4125841012 35.0468750618
0.535 97.1866164623 41.5842789671 35.1697645012
0.536 97.1651197994 41.7561507478 35.2926238906
0.537 97.1435323789 41.9281986704 35.4154524942
0.538 97.1218542179 42.1004219656 35.5382495825
0.539 97.100085335 42.2728198687 35.6610144325
0.54 97.0782257494 42.4453916185 35.7837463271
0.541 97.0562754813 42.6181364581 35.9064445555
0.542 97.034234552 42.7910536345 36.029108413
0.543 97.0121029835 42.9641423987 36.151737201
0.544 96.9898807989 43.1374020054 36.274330227
0.545 96.9675680223 43.3108317135 36.3968868044
0.546 96.9451646785 43.4844307857 36.5194062527
0.547 96.9226707933 43.6581984884 36.6418878971
0.548 96.9000863935 43.8321340919 36.764331069
0.549 96.8774115065 44.0062368706 36.8867351055
0.55 96.854646161 44.1805061023 37.0090993495
0.551 96.8317903863 44.3549410688 37.1314231495
0.552 96.8088442125 44.5295410557 37.2537058602
0.553 96.7858076708 44.7043053521 37.3759468414
0.554 96.7626807931 44.8792332509 37.4981454591
0.555 96.7394636121 45.054324049 37.6203010846
0.556 96.7161561615 45.2295770465 37.7424130948
0.557 96.6927584758 45.4049915475 37.8644808723
0.558 96.6692705901 45.5805668595 37.986503805
0.559 96.6456925406 45.7563022938 38.1084812864
0.56 96.6220243641 45.9321971652 38.2304127154
0.561 96.5982660984 46.108250792 38.3522974963
0.562 96.5744177819 46.2844624961 38.4741350388
0.563 96.5504794538 46.4608316031 38.5959247578
0.564 96.5264511542 46.6373574419 38.7176660735
0.565 96.502332924 46.8140393448 38.8393584115
0.566 96.4781248046 46.9908766479 38.9610012024
0.567 96.4538268384 47.1678686906 39.0825938821
0.568 96.4294390685 47.3450148155 39.2041358917
0.569 96.4049615387 47.522314369 39.3256266773
0.57 96.3803942936 47.6997667006 39.4470656899
0.571 96.3557373783 47.8773711633 39.568452386
0.572 96.3309908391 48.0551271135 39.6897862266
0.573 96.3061547224 48.2330339108 39.8110666779
0.574 96.2812290758 48.4110909183 39.9322932112
0.575 96.2562139474 48.5892975021 40.0534653022
0.576 96.2311093861 48.7676530318 40.174582432
0.577 96.2059154412 48.9461568803 40.2956440863
0.578 96.1806321631 49.1248084236 40.4166497554
0.579 96.1552596025 49.3036070411 40.5375989346
0.58 96.1297978109 49.4825521151 40.658491124
0.581 96.1042468407 49.6616430313 40.7793258281
0.582 96.0786067446 49.8408791787 40.9001025563
0.583 96.052877576 50.0202599492 41.0208208226
0.584 96.0270593892 50.1997847379 41.1414801454
0.585 96.001152239 50.379452943 41.2620800478
0.586 95.9751561806 50.5592639659 41.3826200576
0.587 95.9490712701 50.739217211 41.5030997068
0.588 95.9228975642 50.9193120857 41.623518532
0.589 95.89663512 51.0995480007 41.7438760744
0.59 95.8702839956 51.2799243693 41.8641718792
0.591 95.8438442492 51.4604406082 41.9844054963
0.592 95.8173159399 51.6410961369 42.1045764799
0.593 95.7906991274 51.8218903779 42.2246843884
0.594 95.7639938718 52.0028227567 42.3447287845
0.595 95.737200234 52.1838927017 42.4647092353
0.596 95.7103182753 52.3650996442 42.5846253119
0.597 95.6833480576 52.5464430186 42.7044765898
0.598 95.6562896433 52.7279222618 42.8242626484
0.599 95.6291430954 52.909536814 42.9439830716
0.6 95.6019084777 53.0912861179 43.063637447
0.601 95.574585854 53.2731696193 43.1832253665
0.602 95.5471752891 53.4551867668 43.302746426
0.603 95.5196768481 53.6373370116 43.4222002253
0.604 95.4920905967 53.819619808 43.5415863685
0.605 95.4644166012 54.0020346127 43.6609044633
0.606 95.4366549281 54.1845808855 43.7801541215
0.607 95.4088056448 54.3672580888 43.8993349588
0.608 95.3808688189 54.5500656877 44.0184465947
0.609 95.3528445186 54.7330031501 44.1374886525
0.61 95.3247328127 54.9160699465 44.2564607594
0.611 95.2965337703 55.0992655502 44.3753625465
0.612 95.2682474611 55.2825894371 44.4941936485
0.613 95.2398739553 55.4660410857 44.6129537038
0.614 95.2114133234 55.6496199773 44.7316423545
0.615 95.1828656364 55.8333255956 44.8502592466
0.616 95.154230966 56.017157427 44.9688040295
0.617 95.1255093841 56.2011149607 45.0872763564
0.618 95.0967009631 56.3851976881 45.2056758839
0.619 95.0678057759 56.5694051034 45.3240022724
0.62 95.0388238958 56.7537367033 45.4422551857
0.621 95.0097553965 56.938191987 45.5604342911
0.622 94.9806003522 57.1227704564 45.6785392595
0.623 94.9513588375 57.3074716156 45.7965697651
0.624 94.9220309274 57.4922949714 45.9145254858
0.625 94.8926166973 57.677240033 46.0324061028
0.626 94.863116223 57.8623063121 46.1502113005
0.627 94.8335295808 58.0474933228 46.267940767
0.628 94.8038568473 58.2328005817 46.3855941934
0.629 94.7740980994 58.4182276077 46.5031712744
0.63 94.7442534148 58.6037739223 46.6206717079
0.631 94.714322871 58.7894390492 46.738095195
0.632 94.6843065463 58.9752225145 46.8554414402
0.633 94.6542045193 59.1611238469 46.972710151
0.634 94.6240168689 59.3471425771 47.0899010383
0.635 94.5937436744 59.5332782384 47.207013816
0.636 94.5633850154 59.7195303663 47.3240482013
0.637 94.5329409719 59.9058984986 47.4410039145
0.638 94.5024116243 60.0923821755 47.557880679
0.639 94.4717970534 60.2789809395 47.6746782211
0.64 94.4410973401 60.4656943351 47.7913962705
0.641 94.4103125659 60.6525219094 47.9080345596
0.642 94.3794428125 60.8394632115 48.024592824
0.643 94.348488162 61.026517793 48.1410708022
0.644 94.3174486967 61.2136852074 48.2574682359
0.645 94.2863244995 61.4009650106 48.3737848694
0.646 94.2551156533 61.5883567607 48.4900204501
0.647 94.2238222414 61.7758600179 48.6061747283
0.648 94.1924443476 61.9634743446 48.7222474572
0.649 94.1609820559 62.1511993054 48.8382383928
0.65 94.1294354504 62.339034467 48.9541472939
0.651 94.0978046158 62.5269793982 49.0699739223
0.652 94.066089637 62.7150336701 49.1857180424
0.653 94.034290599 62.9031968556 49.3013794214
0.654 94.0024075874 63.09146853 49.4169578294
0.655 93.9704406879 63.2798482706 49.5324530391
0.656 93.9383899865 63.4683356566 49.6478648259
0.657 93.9062555695 63.6569302694 49.7631929679
0.658 93.8740375235 63.8456316925 49.878437246
0.659 93.8417359352 64.0344395115 49.9935974436
0.66 93.8093508917 64.2233533137 50.1086733469
0.661 93.7768824806 64.4123726887 50.2236647444
0.662 93.7443307892 64.6014972281 50.3385714275
0.663 93.7116959056 64.7907265253 50.45339319
0.664 93.6789779178 64.9800601759 50.5681298284
0.665 93.6461769141 65.1694977773 50.6827811416
0.666 93.6132929833 65.3590389291 50.797346931
0.667 93.5803262141 65.5486832324 50.9118270006
0.668 93.5472766957 65.7384302908 51.0262211569
0.669 93.5141445173 65.9282797093 51.1405292086
0.67 93.4809297684 66.1182310952 51.2547509672
0.671 93.447632539 66.3082840576 51.3688862464
0.672 93.4142529188 66.4984382073 51.4829348623
0.673 93.3807909983 66.6886931572 51.5968966333
0.674 93.3472468677 66.8790485221 51.7107713806
0.675 93.3136206178 67.0695039185 51.8245589271
0.676 93.2799123394 67.2600589649 51.9382590986
0.677 93.2461221235 67.4507132814 52.0518717229
0.678 93.2122500614 67.6414664902 52.1653966301
0.679 93.1782962445 67.8323182153 52.2788336527
0.68 93.1442607646 68.0232680822 52.3921826254
0.681 93.1101437134 68.2143157186 52.5054433852
0.682 93.075945183 68.4054607538 52.6186157711
0.683 93.0416652657 68.5967028189 52.7316996246
0.684 93.0073040538 68.7880415467 52.8446947893
0.685 92.9728616399 68.9794765718 52.9576011108
0.686 92.9383381168 69.1710075307 53.070418437
0.687 92.9037335775 69.3626340614 53.183146618
0.688 92.869048115 69.5543558038 53.2957855059
0.689 92.8342818226 69.7461723994 53.408334955
0.69 92.7994347938 69.9380834916 53.5207948216
0.691 92.7645071223 70.1300887252 53.6331649641
0.692 92.7294989017 70.3221877471 53.745445243
0.693 92.6944102261 70.5143802054 53.8576355209
0.694 92.6592411894 70.7066657503 53.9697356622
0.695 92.623991886 70.8990440335 54.0817455335
0.696 92.5886624102 71.0915147082 54.1936650034
0.697 92.5532528566 71.2840774295 54.3054939425
0.698 92.5177633198 71.4767318539 54.4172322231
0.699 92.4821938947 71.6694776398 54.5288797197
0.7 92.4465446762 71.8623144471 54.6404363087
0.701 92.4108157594 72.0552419371 54.7519018685
0.702 92.3750072395 72.248259773 54.8632762791
0.703 92.339119212 72.4413676194 54.9745594227
0.704 92.3031517722 72.6345651426 55.0857511832
0.705 92.2671050158 72.8278520104 55.1968514464
0.706 92.2309790386 73.0212278922 55.3078601001
0.707 92.1947739363 73.214692459 55.4187770337
0.708 92.1584898049 73.4082453832 55.5296021384
0.709 92.1221267406 73.6018863389 55.6403353075
0.71 92.0856848395 73.7956150016 55.7509764357
0.711 92.049164198 73.9894310484 55.8615254199
0.712 92.0125649124 74.183334158 55.9719821583
0.713 91.9758870793 74.3773240104 56.0823465512
0.714 91.9391307953 74.5714002872 56.1926185004
0.715 91.9022961571 74.7655626715 56.3027979097
0.716 91.8653832615 74.959810848 56.4128846843
0.717 91.8283922056 75.1541445025 56.5228787312
0.718 91.7913230862 75.3485633227 56.6327799591
0.719 91.7541760004 75.5430669975 56.7425882785
0.72 91.7169510456 75.7376552173 56.8523036012
0.721 91.6796483189 75.9323276739 56.961925841
0.722 91.6422679177 76.1270840607 57.0714549131
0.723 91.6048099396 76.3219240723 57.1808907345
0.724 91.5672744818 76.5168474049 57.2902332235
0.725 91.5296616422 76.711853756 57.3994823003
0.726 91.4919715184 76.9069428245 57.5086378866
0.727 91.4542042082 77.1021143108 57.6176999054
0.728 91.4163598092 77.2973679166 57.7266682817
0.729 91.3784384196 77.4927033449 57.8355429416
0.73 91.3404401372 77.6881203003 57.944323813
0.731 91.30236506 77.8836184885 58.0530108252
0.732 91.2642132861 78.0791976167 58.1616039092
0.733 91.2259849138 78.2748573935 58.270102997
0.734 91.1876800412 78.4705975288 58.3785080227
0.735 91.1492987666 78.6664177336 58.4868189214
0.736 91.1108411883 78.8623177206 58.5950356299
0.737 91.0723074046 79.0582972037 58.7031580862
0.738 91.0336975141 79.2543558979 58.8111862301
0.739 90.9950116152 79.4504935197 58.9191200024
0.74 90.9562498065 79.6467097869 59.0269593456
0.741 90.9174121864 79.8430044186 59.1347042036
0.742 90.8784988537 80.039377135 59.2423545214
0.743 90.8395099069 80.2358276579 59.3499102457
0.744 90.8004454449 80.43235571 59.4573713243
0.745 90.7613055662 80.6289610156 59.5647377066
0.746 90.7220903698 80.8256433 59.6720093431
0.747 90.6827999544 81.0224022899 59.7791861859
0.748 90.6434344188 81.2192377132 59.8862681881
0.749 90.603993862 81.416149299 59.9932553043
0.75 90.5644783828 81.6131367776 60.1001474904
0.751 90.5248880802 81.8101998807 60.2069447035
0.752 90.4852230531 82.0073383411 60.3136469021
0.753 90.4454834005 82.2045518927 60.4202540458
0.754 90.4056692214 82.4018402708 60.5267660957
0.755 90.3657806149 82.5992032117 60.6331830138
0.756 90.32581768 82.7966404532 60.7395047636
0.757 90.2857805158 82.9941517339 60.8457313098
0.758 90.2456692213 83.1917367938 60.9518626182
0.759 90.2054838956 83.389395374 61.0578986559
0.76 90.1652246379 83.5871272168 61.1638393912
0.761 90.1248915472 83.7849320658 61.2696847934
0.762 90.0844847227 83.9828096654 61.3754348333
0.763 90.0440042636 84.1807597615 61.4810894825
0.764 90.003450269 84.3787821009 61.5866487142
0.765 89.962822838 84.5768764316 61.6921125022
0.766 89.9221220698 84.7750425029 61.7974808219
0.767 89.8813480635 84.9732800649 61.9027536497
0.768 89.8405009184 85.171588869 62.0079309629
0.769 89.7995807335 85.3699686679 62.1130127402
0.77 89.758587608 85.568419215 62.2179989613
0.771 89.7175216412 85.766940265 62.3228896069
0.772 89.676382932 85.9655315738 62.4276846588
0.773 89.6351715797 86.1641928983 62.5323841001
0.774 89.5938876835 86.3629239963 62.6369879146
0.775 89.5525313423 86.5617246269 62.7414960874
0.776 89.5111026554 86.7605945503 62.8459086047
0.777 89.4696017219 86.9595335276 62.9502254535
0.778 89.4280286408 87.158541321 63.054446622
0.779 89.3863835112 87.3576176937 63.1585720993
0.78 89.3446664322 87.5567624102 63.2626018757
0.781 89.3028775028 87.7559752358 63.3665359423
0.782 89.2610168221 87.9552559369 63.4703742913
0.783 89.219084489 88.1546042809 63.5741169159
0.784 89.1770806026 88.3540200362 63.6777638101
0.785 89.1350052618 88.5535029724 63.7813149693
0.786 89.0928585655 88.7530528599 63.8847703893
0.787 89.0506406127 88.9526694703 63.9881300672
0.788 89.0083515023 89.1523525759 64.0913940011
0.789 88.965991333 89.3521019504 64.1945621897
0.79 88.9235602039 89.5519173682 64.297634633
0.791 88.8810582135 89.7517986049 64.4006113317
0.792 88.8384854609 89.9517454367 64.5034922875
0.793 88.7958420446 90.1517576413 64.6062775029
0.794 88.7531280634 90.351834997 64.7089669815
0.795 88.710343616 90.5519772831 64.8115607275
0.796 88.667488801 90.7521842801 64.9140587463
0.797 88.624563717 90.9524557692 65.0164610439
0.798 88.5815684626 91.1527915327 65.1187676274
0.799 88.5385031363 91.3531913537 65.2209785046
0.8 88.4953678367 91.5536550164 65.3230936841
0.801 88.4521626622 91.7541823059 65.4251131756
0.802 88.4088877111 91.9547730082 65.5270369895
0.803 88.3655430819 92.1554269102 65.6288651369
0.804 88.3221288728 92.3561437998 65.7305976298
0.805 88.2786451823 92.5569234657 65.8322344813
0.806 88.2350921084 92.7577656977 65.9337757048
0.807 88.1914697494 92.9586702863 66.0352213148
0.808 88.1477782034 93.159637023 66.1365713268
0.809 88.1040175685 93.3606657003 66.2378257566
0.81 88.0601879428 93.5617561114 66.3389846211
0.811 88.0162894243 93.7629080505 66.4400479379
0.812 87.9723221109 93.9641213127 66.5410157254
0.813 87.9282861004 94.1653956939 66.6418880028
0.814 87.8841814908 94.3667309909 66.7426647899
0.815 87.8400083797 94.5681270015 66.8433461073
0.816 87.795766865 94.7695835242 66.9439319765
0.817 87.7514570443 94.9711003584 67.0444224195
0.818 87.7070790152 95.1726773045 67.1448174592
0.819 87.6626328753 95.3743141635 67.2451171192
0.82 87.6181187221 95.5760107374 67.3453214238
0.821 87.573536653 95.7777668291 67.4454303978
0.822 87.5288867653 95.9795822422 67.5454440671
0.823 87.4841691565 96.1814567813 67.645362458
0.824 87.4393839237 96.3833902516 67.7451855976
0.825 87.3945311641 96.5853824595 67.8449135136
0.826 87.349610975 96.7874332117 67.9445462346
0.827 87.3046234532 96.9895423162 68.0440837896
0.828 87.2595686959 97.1917095816 68.1435262083
0.829 87.2144468 97.3939348172 68.2428735213
0.83 87.1692578623 97.5962178335 68.3421257596
0.831 87.1240019797 97.7985584413 68.441282955
0.832 87.0786792488 98.0009564526 68.5403451399
0.833 87.0332897664 98.2034116799 68.6393123472
0.834 86.9878336289 98.4059239367 68.7381846107
0.835 86.942310933 98.6084930373 68.8369619645
0.836 86.8967217751 98.8111187966 68.9356444437
0.837 86.8510662515 99.0138010303 69.0342320837
0.838 86.8053444586 99.2165395551 69.1327249207
0.839 86.7595564926 99.4193341883 69.2311229913
0.84 86.7137024496 99.6221847479 69.3294263329
0.841 86.6677824257 99.8250910528 69.4276349835
0.842 86.621796517 100.028052923 69.5257489814
0.843 86.5757448194 100.231070178 69.6237683658
0.844 86.5296274286 100.434142639 69.7216931763
0.845 86.4834444405 100.637270129 69.8195234532
0.846 86.4371959509 100.840452469 69.9172592373
0.847 86.3908820552 101.043689484 70.0149005699
0.848 86.344502849 101.246980997 70.1124474928
0.849 86.2980584278 101.450326833 70.2099000487
0.85 86.251548887 101.653726818 70.3072582804
0.851 86.2049743219 101.857180778 70.4045222316
0.852 86.1583348276 102.060688539 70.5016919462
0.853 86.1116304994 102.26424993 70.5987674689
0.854 86.0648614321 102.467864779 70.6957488448
0.855 86.0180277209 102.671532916 70.7926361196
0.856 85.9711294606 102.875254169 70.8894293394
0.857 85.924166746 103.07902837 70.9861285509
0.858 85.8771396717 103.28285535 71.0827338012
0.859 85.8300483325 103.48673494 71.1792451381
0.86 85.7828928228 103.690666974 71.2756626098
0.861 85.7356732371 103.894651284 71.3719862648
0.862 85.6883896697 104.098687705 71.4682161524
0.863 85.6410422149 104.302776072 71.5643523221
0.864 85.593630967 104.506916219 71.6603948241
0.865 85.5461560199 104.711107983 71.7563437089
0.866 85.4986174678 104.915351201 71.8521990276
0.867 85.4510154044 105.11964571 71.9479608317
0.868 85.4033499237 105.323991347 72.0436291732
0.869 85.3556211193 105.528387952 72.1392041045
0.87 85.307829085 105.732835365 72.2346856785
0.871 85.2599739141 105.937333424 72.3300739485
0.872 85.2120557003 106.141881972 72.4253689682
0.873 85.1640745368 106.346480848 72.5205707918
0.874 85.1160305169 106.551129895 72.615679474
0.875 85.0679237338 106.755828957 72.7106950699
0.876 85.0197542806 106.960577875 72.8056176348
0.877 84.9715222502 107.165376494 72.9004472248
0.878 84.9232277356 107.370224659 72.9951838961
0.879 84.8748708294 107.575122214 73.0898277054
0.88 84.8264516245 107.780069006 73.1843787099
0.881 84.7779702134 107.985064881 73.2788369672
0.882 84.7294266885 108.190109685 73.3732025351
0.883 84.6808211424 108.395203267 73.467475472
0.884 84.6321536673 108.600345475 73.5616558367
0.885 84.5834243554 108.805536158 73.6557436882
0.886 84.5346332988 109.010775165 73.749739086
0.887 84.4857805895 109.216062346 73.8436420901
0.888 84.4368663194 109.421397552 73.9374527606
0.889 84.3878905803 109.626780635 74.0311711582
0.89 84.338853464 109.832211446 74.1247973439
0.891 84.289755062 110.037689838 74.2183313791
0.892 84.2405954659 110.243215663 74.3117733254
0.893 84.1913747669 110.448788776 74.4051232449
0.894 84.1420930566 110.654409031 74.4983812001
0.895 84.0927504259 110.860076283 74.5915472538
0.896 84.043346966 111.065790386 74.6846214691
0.897 83.993882768 111.271551198 74.7776039093
0.898 83.9443579227 111.477358575 74.8704946385
0.899 83.8947725208 111.683212373 74.9632937206
0.9 83.8451266531 111.889112451 75.0560012202
0.901 83.7954204101 112.095058667 75.1486172021
0.902 83.7456538823 112.30105088 75.2411417313
0.903 83.6958271601 112.507088948 75.3335748734
0.904 83.6459403337 112.713172733 75.4259166942
0.905 83.5959934933 112.919302095 75.5181672596
0.906 83.5459867289 113.125476894 75.6103266361
0.907 83.4959201305 113.331696993 75.7023948904
0.908 83.4457937879 113.537962253 75.7943720895
0.909 83.3956077908 113.744272538 75.8862583007
0.91 83.3453622289 113.95062771 75.9780535916
0.911 83.2950571916 114.157027633 76.0697580302
0.912 83.2446927684 114.363472172 76.1613716845
0.913 83.1942690486 114.569961192 76.2528946231
0.914 83.1437861213 114.776494558 76.3443269148
0.915 83.0932440757 114.983072136 76.4356686286
0.916 83.0426430007 115.189693792 76.5269198339
0.917 82.9919829851 115.396359394 76.6180806002
0.918 82.9412641178 115.603068809 76.7091509974
0.919 82.8904864873 115.809821905 76.8001310956
0.92 82.8396501823 116.01661855 76.8910209654
0.921 82.7887552911 116.223458614 76.9818206773
0.922 82.737801902 116.430341966 77.0725303023
0.923 82.6867901033 116.637268476 77.1631499116
0.924 82.6357199831 116.844238015 77.2536795766
0.925 82.5845916292 117.051250454 77.3441193691
0.926 82.5334051297 117.258305665 77.434469361
0.927 82.4821605723 117.46540352 77.5247296246
0.928 82.4308580445 117.672543891 77.6149002322
0.929 82.379497634 117.879726651 77.7049812565
0.93 82.3280794282 118.086951674 77.7949727704
0.931 82.2766035144 118.294218834 77.8848748472
0.932 82.2250699798 118.501528006 77.9746875603
0.933 82.1734789114 118.708879065 78.0644109831
0.934 82.1218303964 118.916271886 78.1540451896
0.935 82.0701245214 119.123706345 78.2435902539
0.936 82.0183613733 119.331182319 78.3330462502
0.937 81.9665410388 119.538699685 78.4224132531
0.938 81.9146636042 119.74625832 78.5116913372
0.939 81.8627291562 119.953858102 78.6008805776
0.94 81.8107377808 120.161498909 78.6899810494
0.941 81.7586895644 120.369180621 78.7789928279
0.942 81.706584593 120.576903117 78.8679159887
0.943 81.6544229525 120.784666276 78.9567506076
0.944 81.6022047289 120.992469979 79.0454967605
0.945 81.5499300077 121.200314106 79.1341545237
0.946 81.4975988747 121.408198539 79.2227239734
0.947 81.4452114153 121.616123159 79.3112051863
0.948 81.392767715 121.824087849 79.3995982391
0.949 81.3402678589 122.032092491 79.4879032087
0.95 81.2877119322 122.240136967 79.5761201723
0.951 81.23510002 122.448221162 79.6642492072
0.952 81.1824322072 122.656344958 79.7522903909
0.953 81.1297085786 122.864508242 79.8402438009
0.954 81.0769292189 123.072710896 79.9281095153
0.955 81.0240942126 123.280952807 80.015887612
0.956 80.9712036442 123.48923386 80.1035781692
0.957 80.9182575982 123.697553941 80.1911812652
0.958 80.8652561586 123.905912937 80.2786969786
0.959 80.8121994095 124.114310734 80.3661253881
0.96 80.7590874351 124.322747221 80.4534665726
0.961 80.7059203192 124.531222283 80.5407206111
0.962 80.6526981455 124.739735811 80.6278875827
0.963 80.5994209976 124.948287692 80.7149675668
0.964 80.5460889592 125.156877816 80.8019606428
0.965 80.4927021136 125.365506072 80.8888668905
0.966 80.439260544 125.574172349 80.9756863896
0.967 80.3857643338 125.782876539 81.0624192201
0.968 80.3322135659 125.991618532 81.149065462
0.969 80.2786083233 126.200398219 81.2356251956
0.97 80.2249486888 126.409215491 81.3220985013
0.971 80.1712347451 126.618070241 81.4084854595
0.972 80.1174665749 126.82696236 81.4947861509
0.973 80.0636442605 127.035891742 81.5810006564
0.974 80.0097678844 127.24485828 81.6671290567
0.975 79.9558375287 127.453861868 81.7531714331
0.976 79.9018532757 127.662902398 81.8391278666
0.977 79.8478152072 127.871979766 81.9249984386
0.978 79.7937234053 128.081093866 82.0107832304
0.979 79.7395779516 128.290244594 82.0964823238
0.98 79.6853789278 128.499431845 82.1820958003
0.981 79.6311264155 128.708655514 82.2676237418
0.982 79.576820496 128.917915499 82.3530662301
0.983 79.5224612507 129.127211696 82.4384233473
0.984 79.4680487607 129.336544001 82.5236951756
0.985 79.4135831071 129.545912313 82.6088817973
0.986 79.3590643709 129.755316529 82.6939832946
0.987 79.3044926328 129.964756547 82.7789997502
0.988 79.2498679736 130.174232267 82.8639312465
0.989 79.1951904738 130.383743586 82.9487778664
0.99 79.1404602139 130.593290405 83.0335396925
0.991 79.0856772744 130.802872622 83.1182168078
0.992 79.0308417353 131.012490139 83.2028092953
0.993 78.9759536769 131.222142855 83.2873172381
0.994 78.9210131791 131.431830671 83.3717407194
0.995 78.8660203218 131.641553489 83.4560798225
0.996 78.8109751847 131.85131121 83.5403346309
0.997 78.7558778476 132.061103735 83.6245052279
0.998 78.7007283899 132.270930968 83.7085916971
0.999 78.645526891 132.480792811 83.7925941223
1.0 78.5902734302 132.690689166 83.8765125871
