   0.00000000000000        0.00000000000000     
  0.100000000000000       0.235988884408775     
  0.200000000000000       0.617745041360710     
  0.300000000000000       0.588626983196369     
  0.400000000000000       0.107702234357377     
  0.500000000000000      -0.220322662820339     
  0.600000000000000       0.156997859968553     
  0.700000000000000        1.04734840732062     
  0.800000000000000        1.70548263264743     
  0.900000000000000        1.68270325284725     
   1.00000000000000        1.25232206506166     
   1.10000000000000       0.939259965445495     
   1.20000000000000       0.934666969870768     
   1.30000000000000        1.19457223647750     
   1.40000000000000        1.78091408997752     
   1.50000000000000        2.61122004761121     
   1.60000000000000        3.04029684665129     
   1.70000000000000        2.38864047334303     
   1.80000000000000        1.04277619316577     
   1.90000000000000       0.365048582297447     
   2.00000000000000        1.12163156016065     
   2.10000000000000        2.54545842292688     
   2.20000000000000        3.42339187785429     
   2.30000000000000        3.53922407833340     
   2.40000000000000        3.37500665951552     
   2.50000000000000        2.96387077439912     
   2.60000000000000        2.09125713025083     
   2.70000000000000        1.36286602523984     
   2.80000000000000        1.80186738516679     
   2.90000000000000        3.19529080017144     
   3.00000000000000        4.02906556130720     
   3.10000000000000        3.55978069687429     
   3.20000000000000        2.88499500840814     
   3.30000000000000        3.22446710622428     
   3.40000000000000        4.10567544442621     
   3.50000000000000        4.30111835528825     
   3.60000000000000        3.85063408293096     
   3.70000000000000        3.82131081621262     
   3.80000000000000        4.32629672076643     
   3.90000000000000        4.21499997011884     
   4.00000000000000        3.01211877583099     
   4.10000000000000        1.94025141661106     
   4.20000000000000        2.29330626635166     
   4.30000000000000        3.58792182105252     
   4.40000000000000        4.23986672459431     
   4.50000000000000        3.73973979333595     
   4.60000000000000        3.24563003951276     
   4.70000000000000        3.89449669341870     
   4.80000000000000        5.23329922436125     
   4.90000000000000        5.80659736038234     
   5.00000000000000        5.00057110674371     
   5.10000000000000        3.73072076317976     
   5.20000000000000        3.23823693992492     
   5.30000000000000        3.71677057252714     
   5.40000000000000        4.47539293546215     
   5.50000000000000        5.05949565456741     
   5.60000000000000        5.58342071831711     
   5.70000000000000        6.07009048796306     
   5.80000000000000        6.18568770656851     
   5.90000000000000        5.81999550696461     
   6.00000000000000        5.32689741866099     
   6.10000000000000        4.92797737374396     
   6.20000000000000        4.47975971179727     
   6.30000000000000        4.17102918388176     
   6.40000000000000        4.74652095561108     
   6.50000000000000        6.40817060936175     
   6.60000000000000        8.05291414565638     
   6.70000000000000        8.40194798375902     
   6.80000000000000        7.55985896152238     
   6.90000000000000        6.68593433452613     
   7.00000000000000        6.40646177454576     
   7.10000000000000        6.41072936739113     
   7.20000000000000        6.44102561015325     
   7.30000000000000        6.69563940789769     
   7.40000000000000        7.14876006984194     
   7.50000000000000        7.34177730505357     
   7.60000000000000        7.10128121770517     
   7.70000000000000        6.79696230192100     
   7.80000000000000        6.71691143624952     
   7.90000000000000        6.83311987779464     
   8.00000000000000        7.26147925603768     
   8.10000000000000        8.14108156638081     
   8.20000000000000        8.88791916344150     
   8.30000000000000        8.54068475412642     
   8.40000100000000        7.28487175946127     
   8.50000000000000        6.67037246255752     
   8.60000000000000        7.58158169067565     
   8.70000000000000        8.81059311818378     
   8.80000000000000        8.64070110365858     
   8.90000100000000        7.30570067214600     
   9.00000000000000        6.67348571272839     
   9.10000000000000        7.58995256002233     
   9.20000000000000        8.75189639703335     
   9.30000000000000        8.64121304197544     
   9.40000100000000        7.63209892920339     
   9.50000000000000        7.30244936297826     
   9.60000000000000        8.04776198658495     
   9.70000000000000        8.46493329775290     
   9.80000000000000        7.46096037945244     
   9.90000100000000        6.10437088019927     
   10.0000000000000        6.35257132877820     
   10.1000000000000        8.18145048243919     
   10.2000000000000        9.33957596402052     
   10.3000000000000        8.47254593255938     
   10.4000000000000        7.16615874066423     
   10.5000000000000        7.62521292756538     
   10.6000000000000        9.31680721229006     
   10.7000000000000        9.83514048696640     
   10.8000000000000        8.76671181026007     
   10.9000000000000        8.38162040094687     
   11.0000000000000        9.90536563162392     
   11.1000000000000        11.3362470225617     
   11.2000000000000        10.4199642356985     
   11.3000000000000        8.11501706877937     
   11.4000000000000        7.16210544963878     
   11.5000000000000        8.21232943062984     
   11.6000000000000        9.42798918319824     
   11.7000000000000        9.47898499260196     
   11.8000000000000        8.92861725277586     
   11.9000000000000        8.63438646134063     
   12.0000000000000        8.63199321475503     
   12.1000000000000        8.97983820361035     
   12.2000000000000        10.0764222080656     
   12.3000000000000        11.4864460934222     
   12.4000000000000        11.8084108058354     
   12.5000000000000        10.5269173681625     
   12.6000000000000        8.96266687594332     
   12.7000000000000        8.59076049351328     
   12.8000000000000        9.28049945024459     
   12.9000000000000        9.96098503691500     
   13.0000000000000        10.1902186022006     
   13.1000000000000        10.1473015492906     
   13.2000000000000        9.74973533262143     
   13.3000000000000        8.86932145472742     
   13.4000000000000        8.11556146320594     
   13.5000000000000        8.37165694779369     
   13.6000000000000        9.52070953755178     
   13.7000000000000        10.4071208981570     
   13.8000000000000        10.2396927292962     
   13.9000000000000        9.50592676216178     
   14.0000000000000        9.27172475704461     
   14.1000000000000        9.88808850102262     
   14.2000000000000        10.6347198057418     
   14.3000000000000        10.6039205052876     
   14.4000000000000        9.81959245414283     
   14.5000000000000        9.29023752523149     
   14.6000000000000        9.78765760804396     
   14.7000000000000        10.8146546068423     
   14.8000000000000        11.2471304389429     
   14.9000000000000        10.8640870330733     
   15.0000000000000        10.5339263278026     
   15.1000000000000        10.7694502700406     
   15.2000000000000        10.9436608136060     
   15.3000000000000        10.4140599178587     
   15.4000000000000        9.67334954639704     
   15.5000000000000        9.60413166581462     
   15.6000000000000        10.0644082445172     
   15.7000000000000        10.1200812515963     
   15.8000000000000        9.50885265575743     
   15.9000000000000        8.97172442430167     
   16.0000000000000        9.02979852215834     
   16.1000000000000        9.25137691096676     
   16.2000000000000        9.10966154820542     
   16.3000000000000        8.94845438636690     
   16.4000000000000        9.47485737217667     
   16.5000000000000        10.5255724458542     
   16.6000000000000        10.9959015404148     
   16.7000000000000        10.2071465810103     
   16.8000000000000        8.93370948430771     
   16.9000000000000        8.60689215790357     
   17.0000000000000        9.55909649977331     
   17.1000000000000        10.5707243977537     
   17.2000000000000        10.4083777290574     
   17.3000000000000        9.35595835981773     
   17.4000000000000        8.69336814466375     
   17.5000000000000        8.95210892632244     
   17.6000000000000        9.44368253524861     
   17.7000000000000        9.51279078928045     
   17.8000000000000        9.41403549331987     
   17.9000000000000        9.58951843903654     
   18.0000000000000        9.77284140459469     
   18.1000000000000        9.41840615440154     
   18.2000000000000        8.63041443887656     
   18.3000000000000        8.06905799424053     
   18.4000000000000        8.10009854232354     
   18.5000000000000        8.49921779039117     
   18.6000000000000        8.88611743098785     
   18.7000000000000        9.06376914179680     
   18.8000000000000        9.00047458551560     
   18.9000000000000        8.80593540974687     
   19.0000000000000        8.69495324690309     
   19.1000000000000        8.75922971412520     
   19.2000000000000        8.84226641321396     
   19.3000000000000        8.78376493057380     
   19.4000000000000        8.65132683716826     
   19.5000000000000        8.58625368848667     
   19.6000000000000        8.58174702452131     
   19.7000000000000        8.54650836975466     
   19.8000000000000        8.43913923315621     
   19.9000000000000        8.26861110818819     
   20.0000000000000        8.13144547281998     
   20.1000000000000        8.22096378955054     
   20.2000000000000        8.53198750543850     
   20.3000000000000        8.66198805213954     
   20.4000000000000        8.31650684595056     
   20.5000000000000        7.86904528786032     
   20.6000000000000        7.82682476360617     
   20.7000000000000        7.89954664373650     
   20.8000000000000        7.45981228367858     
   20.9000000000000        6.88148302381146     
   21.0000000000000        7.25744018954365     
   21.1000000000000        8.51062509139518     
   21.2000000000000        9.08037902508393     
   21.3000000000000        8.14750327161580     
   21.4000000000000        6.93794909737851     
   21.5000000000000        6.88378775423879     
   21.6000000000000        7.64183047964279     
   21.7000000000000        8.11265849671928     
   21.8000000000000        8.32976301438568     
   21.9000000000000        8.81665522745650     
   22.0000000000000        8.94426631675413     
   22.1000000000000        7.76918744922173     
   22.2000000000000        6.07147977803801     
   22.3000000000000        5.67313444273381     
   22.4000000000000        6.78721256931027     
   22.5000000000000        7.79368527035843     
   22.6000000000000        7.73961364518009     
   22.7000000000000        7.32106877990986     
   22.8000000000000        7.12710174763820     
   22.9000000000000        6.71236360853535     
   23.0000000000000        5.98590540997600     
   23.1000000000000        5.82446818666467     
   23.2000000000000        6.46974296076151     
   23.3000000000000        6.80243074200868     
   23.4000000000000        6.16539252785690     
   23.5000000000000        5.56602930359241     
   23.6000000000000        5.99730204246391     
   23.7000000000000        6.78250170580972     
   23.8000000000000        6.80592924318477     
   23.9000000000000        6.35071559248765     
   24.0000000000000        6.37213168008739     
   24.1000000000000        6.73595842095004     
   24.2000000000000        6.56469671876499     
   24.3000000000000        5.82160746607088     
   24.4000000000000        5.26649154438117     
   24.5000000000000        5.17673982430915     
   24.6000000000000        5.24955316569251     
   24.7000000000000        5.46574241771737     
   24.8000000000000        5.95158841904160     
   24.9000000000000        6.23918199791760     
   25.0000000000000        5.75996397231431     
   25.1000000000000        4.92417515003860     
   25.2000000000000        4.68193632885579     
   25.3000000000000        5.10905829660944     
   25.4000000000000        5.40736183134036     
   25.5000000000000        5.23997770140468     
   25.6000000000000        5.08753666559114     
   25.7000000000000        5.26622947323744     
   25.8000000000000        5.52780686434570     
   25.9000000000000        5.71377956969696     
   26.0000000000000        5.93983831096473     
   26.1000000000000        6.03599380082764     
   26.2000000000000        5.64749674308097     
   26.3000000000000        5.02172783274733     
   26.4000000000000        4.86848775618624     
   26.5000000000000        5.25802719120268     
   26.6000000000000        5.45778680715471     
   26.7000000000000        5.10051726505992     
   26.8000000000000        4.74015921770096     
   26.9000000000000        4.92453330972988     
   27.0000000000000        5.41004017777156     
   27.1000000000000        5.67431045052597     
   27.2000000000000        5.61800474886941     
   27.3000000000000        5.38643368595466     
   27.4000000000000        5.03300786731008     
   27.5000000000000        4.74577789093765     
   27.6000000000000        4.91099434740988     
   27.7000000000000        5.51242781996572     
   27.8000000000000        5.87473888460536     
   27.9000000000000        5.48210811018397     
   28.0000000000000        4.77732605850435     
   28.1000000000000        4.67146328440859     
   28.2000000000000        5.37586033586854     
   28.3000000000000        6.12728775407541     
   28.4000000000000        6.10733607352811     
   28.5000000000000        5.36865582212068     
   28.6000000000000        4.70854752122866     
   28.7000000000000        4.70284168579437     
   28.8000000000000        5.06604882441121     
   28.9000000000000        5.14696943940689     
   29.0000000000000        4.90779402692569     
   29.1000000000000        4.94580307700968     
   29.2000000000000        5.45439707367891     
   29.3000000000000        5.78606649501065     
   29.4000000000000        5.46283181321763     
   29.5000000000000        5.02004349472524     
   29.6000000000000        5.15205200024783     
   29.7000000000000        5.50252778486402     
   29.8000000000000        5.23187129809099     
   29.9000000000000        4.50861298395793     
   30.0000000000000        4.34968328107843     
   30.1000000000000        4.98059262272203     
   30.2000000000000        5.47291143688479     
   30.3000000000000        5.26207014635896     
   30.4000000000000        4.94861916880175     
   30.5000000000000        5.11295891680315     
   30.6000000000000        5.31871979795297     
   30.7000000000000        4.99300221490689     
   30.8000000000000        4.49726656545165     
   30.9000000000000        4.48340324256948     
   31.0000000000000        4.76249263450152     
   31.1000000000000        4.70457512481055     
   31.2000000000000        4.38881109244276     
   31.3000000000000        4.44964091178875     
   31.4000000000000        4.93795495274377     
   31.5000000000000        5.19449358076699     
   31.6000000000000        4.90781715694018     
   31.7000000000000        4.57072603802540     
   31.8000000000000        4.68468057652207     
   31.9000000000000        5.06551112072320     
   32.0000000000000        5.22386801477080     
   32.1000000000000        5.07125159871068     
   32.2000000000000        4.94436220854638     
   32.3000000000000        5.08635017629241     
   32.4000000000000        5.33082583002681     
   32.5000000000000        5.31017949394288     
   32.6000000000000        4.91884148840035     
   32.7000000000000        4.50667212997572     
   32.8000000000000        4.49626173151197     
   32.9000000000000        4.82398060216762     
   33.0000000000000        4.99990904746503     
   33.1000000000000        4.80602736933812     
   33.2000000000000        4.62456586617940     
   33.3000000000000        4.83756483288634     
   33.4000000000000        5.18163456090714     
   33.5000000000000        5.08030533828579     
   33.6000000000000        4.49193744970665     
   33.7000000000000        4.03513117653825     
   33.8000000000000        4.24105679687661     
   33.9000000000000        4.95258458558791     
   34.0000000000000        5.52169481435057     
   34.1000000000000        5.43453775169676     
   34.2000000000000        4.74150366305332     
   34.3000000000000        4.02078281078215     
   34.4000000000000        3.88813545422001     
   34.5000000000000        4.39327184971775     
   34.6000000000000        4.94643225067907     
   34.7000000000000        4.98188690759864     
   34.8000000000000        4.59494606809982     
   34.9000000000000        4.31918997697171     
   35.0000000000000        4.37887887620582     
   35.1000000000000        4.47612300503215     
   35.2000000000000        4.33224259995480     
   35.3000000000000        4.10937789478709     
   35.4000000000000        4.13399912068617     
   35.5000000000000        4.42914650618718     
   35.6000000000000        4.73444027723691     
   35.7000000000000        4.86478065722703     
   35.8000000000000        4.83589786702681     
   35.9000000000000        4.69587212501543     
   36.0000000000000        4.45912364711384     
   36.1000000000000        4.23363264681612     
   36.2000000000000        4.21080933522050     
   36.3000000000000        4.42562392105989     
   36.4000000000000        4.66423661073198     
   36.5000000000000        4.72222760832896     
   36.6000000000000        4.63536711566683     
   36.7000000000000        4.53119533231427     
   36.8000000000000        4.39326245562111     
   36.9000000000000        4.16027868074649     
   37.0000000000000        3.93039420068652     
   37.1000000000000        3.82318920630159     
   37.2000000000000        3.75876388634340     
   37.3000000000000        3.68220842748145     
   37.4000000000000        3.86718301432932     
   37.5000000000000        4.52383782947049     
   37.6000000000000        5.15953305348384     
   37.7000000000000        4.97172886496881     
   37.8000000000000        4.04096544057020     
   37.9000000000000        3.44713295500261     
   38.0000000000000        3.81923158107459     
   38.1000000000000        4.43516148971242     
   38.2000000000000        4.35216284998360     
   38.3000000000000        3.82833582911997     
   38.4000000000000        3.78515059254055     
   38.5000000000000        4.26330730387405     
   38.6000000000000        4.42214612498113     
   38.7000000000000        3.97369721597622     
   38.8000000000000        3.60797073524922     
   38.9000000000000        3.81741683948672     
   39.0000000000000        4.17934568369312     
   39.1000000000000        4.15349742121130     
   39.2000000000000        3.88132220374309     
   39.3000000000000        3.76733018136946     
   39.4000000000000        3.80996150257040     
   39.5000000000000        3.78123631424460     
   39.6000000000000        3.67731476172876     
   39.7000000000000        3.62089698881670     
   39.8000000000000        3.61439313777826     
   39.9000000000000        3.65277334937784     
   40.0000000000000        3.79281776289275     
   40.1000000000000        3.93065651613130     
   40.2000000000000        3.83775974545067     
   40.3000000000000        3.55883758577449     
   40.4000000000000        3.40599017061022     
   40.5000000000000        3.44678763206629     
   40.6000000000000        3.42625010086900     
   40.7000000000000        3.29750770637922     
   40.8000000000000        3.31292057660881     
   40.9000000000000        3.44561883823689     
   41.0000000000000        3.30960261662582     
   41.1000000000000        2.87609203583706     
   41.2000000000000        2.64662721864670     
   41.3000000000000        2.82143828656088     
   41.4000000000000        2.94772535983098     
   41.5000000000000        2.76596855746856     
   41.6000000000000        2.71464799726016     
   41.7000000000000        3.09186379578189     
   41.8000000000000        3.39566606841381     
   41.9000000000000        3.14239492935409     
   42.0000000000000        2.73552049163311     
   42.1000000000000        2.77374286712718     
   42.2000000000000        3.01450216657225     
   42.3000000000000        2.86414849957734     
   42.4000000000000        2.48575197463783     
   42.5000000000000        2.50001269914859     
   42.6000000000000        2.84608077941688     
   42.7000000000000        2.88249632067511     
   42.8000000000000        2.50638942709349     
   42.9000000000000        2.25405020179242     
   43.0000000000000        2.29078874685477     
   43.1000000000000        2.19997516333799     
   43.2000000000000        1.89252955128605     
   43.3000000000000        1.85905200974125     
   43.4000000000000        2.25952263675586     
   43.5000000000000        2.53453152940360     
   43.6000000000000        2.28646878379098     
   43.7000000000000        1.90681449506849     
   43.8000000000000        1.91487875744167     
   43.9000000000000        2.19503166418196     
   44.0000000000000        2.32584330763753     
   44.1000000000000        2.25367377924386     
   44.2000000000000        2.19140316953422     
   44.3000000000000        2.14348156815005     
   44.4000000000000        1.96897906385116     
   44.5000000000000        1.75112574452580     
   44.6000000000000        1.72791169720065     
   44.7000000000000        1.91257700805063     
   44.8000000000000        2.05717176240857     
   44.9000000000000        1.99383604477486     
   45.0000000000000        1.84100993882682     
   45.1000000000000        1.84304352742810     
   45.2000000000000        2.07111689263787     
   45.3000000000000        2.30868011571989     
   45.4000000000000        2.26905327715155     
   45.5000000000000        1.94094645663268     
   45.6000000000000        1.61145973309432     
   45.7000000000000        1.48962318470739     
   45.8000000000000        1.48227688889118     
   45.9000000000000        1.45786092232182     
   46.0000000000000        1.49065536094056     
   46.1000000000000        1.62715027996200     
   46.2000000000000        1.66749575388220     
   46.3000000000000        1.49273185648669     
   46.4000000000000        1.37264866085837     
   46.5000000000000        1.56308623938531     
   46.6000000000000        1.81034466376850     
   46.7000000000000        1.71443400502939     
   46.8000000000000        1.40986433351749     
   46.9000000000000        1.35522571891774     
   47.0000000000000        1.55998823025783     
   47.1000000000000        1.61171193591551     
   47.2000000000000        1.43783690362567     
   47.3000000000000        1.40335320048740     
   47.4000000000000        1.58188089297104     
   47.5000000000000        1.58298004692496     
   47.6000000000000        1.28767072758244     
   47.7000000000000        1.12539299956836     
   47.8000000000000        1.32996692690583     
   47.9000000000000        1.49998257302273     
   48.0000000000000        1.28075000075821     
   48.1000000000000       0.978569272369076     
   48.2000000000000        1.03758044953607     
   48.3000000000000        1.30653359337013     
   48.4000000000000        1.33108876441857     
   48.5000000000000        1.09836602267111     
   48.6000000000000       0.985175427565945     
   48.7000000000000        1.12142703799562     
   48.8000000000000        1.26452091231293     
   48.9000000000000        1.24788710833671     
   49.0000000000000        1.17419568335756     
   49.1000000000000        1.16443669414345     
   49.2000000000000        1.20162019694537     
   49.3000000000000        1.23456624750281     
   49.4000000000000        1.23463490104920     
   49.5000000000000        1.16424621231730     
   49.6000000000000        1.03801023554453     
   49.7000000000000       0.960907024478229     
   49.8000000000000       0.982126632380800     
   49.9000000000000        1.00152911203489     
   50.0000000000000       0.938024515748418     
   50.1000000000000       0.869522895359610     
   50.2000000000000       0.880134302241924     
   50.3000000000000       0.907338787308939     
   50.4000000000000       0.879356401019190     
   50.5000000000000       0.857437193380931     
   50.6000000000000       0.891041213956853     
   50.7000000000000       0.882488511868736     
   50.8000000000000       0.762699135802054     
   50.9000000000000       0.657673134010523     
   51.0000000000000       0.701390554320592     
   51.1000000000000       0.814271444135882     
   51.2000000000000       0.847575850441576     
   51.3000000000000       0.823393819808755     
   51.4000000000000       0.845695398398677     
   51.5000000000000       0.888790631967020     
   51.6000000000000       0.865309565868057     
   51.7000000000000       0.805942245058797     
   51.8000000000000       0.786478714103071     
   51.9000000000000       0.766269017175567     
   52.0000000000000       0.677663198065827     
   52.1000000000000       0.586857300182185     
   52.2000000000000       0.587124366555673     
   52.3000000000000       0.618282439843868     
   52.4000000000000       0.574662562334705     
   52.5000000000000       0.511262775950239     
   52.6000000000000       0.551647122250366     
   52.7000000000000       0.658217642436500     
   52.8000000000000       0.688987377355208     
   52.9000000000000       0.634492367501804     
   53.0000000000000       0.608201653023897     
   53.1000000000000       0.634579273724905     
   53.2000000000000       0.631186269067524     
   53.3000000000000       0.585163678177156     
   53.4000000000000       0.574468539845302     
   53.5000000000000       0.614686892532913     
   53.6000000000000       0.637690774373701     
   53.7000000000000       0.624253223177420     
   53.8000000000000       0.620156276433098     
   53.9000000000000       0.622393971312241     
   54.0000000000000       0.581660344671998     
   54.1000000000000       0.518036433058288     
   54.2000000000000       0.506985272708894     
   54.3000000000000       0.545125899556521     
   54.4000000000000       0.548785349231819     
   54.5000000000000       0.495021657066371     
   54.6000000000000       0.454343858095652     
   54.7000000000000       0.471442987061946     
   54.8000000000000       0.512425078417237     
   54.9000000000000       0.541661166326066     
   55.0000000000000       0.560906284668356     
   55.1000000000000       0.563554467042202     
   55.2000000000000       0.533981746766635     
   55.3000000000000       0.498193156884350     
   55.4000000000000       0.495995730164408     
   55.5000000000000       0.502324499104904     
   55.6000000000000       0.458952495935608     
   55.7000000000000       0.387349752620574     
   55.8000000000000       0.380939300860723     
   55.9000000000000       0.465096172096396     
   56.0000000000000       0.544560397509877     
   56.1000000000000       0.524407008027888     
   56.2000000000000       0.424843034324063     
   56.3000000000000       0.341510506821385     
   56.4000000000000       0.334057455694601     
   56.5000000000000       0.384277910872612     
   56.6000000000000       0.433746902040835     
   56.7000000000000       0.434739458643533     
   56.8000000000000       0.381474609886134     
   56.9000000000000       0.314164384737508     
   57.0000000000000       0.287686811932232     
   57.1000000000000       0.322650919972821     
   57.2000000000000       0.383652737131941     
   57.3000000000000       0.410298291454596     
   57.4000000000000       0.377676610760288     
   57.5000000000000       0.326247722645158     
   57.6000000000000       0.317264654484103     
   57.7000000000000       0.355602433432865     
   57.8000000000000       0.383395086430107     
   57.9000000000000       0.361474640199454     
   58.0000000000000       0.318032121251526     
   58.1000000000000       0.291201555885935     
   58.2000000000000       0.271279970193273     
   58.3000000000000       0.242911390057069     
   58.4000000000000       0.233981841155731     
   58.5000000000000       0.262544348964463     
   58.6000000000000       0.283385938757167     
   58.7000000000000       0.259316635608315     
   58.8000000000000       0.237351464394815     
   58.9000000000000       0.269327449797843     
   59.0000000000000       0.306645616304663     
   59.1000000000000       0.277658988210427     
   59.2000000000000       0.224636589619956     
   59.3000000000000       0.240007444449498     
   59.4000000000000       0.298843576428473     
   59.5000000000000       0.294329009101198     
   59.6000000000000       0.224791765828589     
   59.7000000000000       0.195998869789850     
   59.8000000000000       0.233318343984147     
   59.9000000000000       0.245532211232254     
   60.0000000000000       0.199103494178191     
   60.1000000000000       0.175933215290844     
   60.2000000000000       0.215837396865559     
   60.3000000000000       0.246000061025734     
   60.4000000000000       0.221029229724380     
   60.5000000000000       0.199134924745676     
   60.6000000000000       0.220439167706501     
   60.7000000000000       0.236940980057953     
   60.8000000000000       0.224069383086856     
   60.9000000000000       0.236411397917240     
   61.0000000000000       0.287642045511819     
   61.1000000000000       0.299021346673444     
   61.2000000000000       0.238155322046548     
   61.3000000000000       0.188484992118566     
   61.4000000000000       0.205779377221356     
   61.5000000000000       0.224142497532586     
   61.6000000000000       0.185298373077125     
   61.7000000000000       0.144397023728408     
   61.8000000000000       0.158328469209790     
   61.9000000000000       0.179481729095887     
   62.0000000000000       0.155574822813904     
   62.1000000000000       0.132576769644945     
   62.2000000000000       0.160890588725319     
   62.3000000000000       0.194664299047818     
   62.4000000000000       0.182325919462997     
   62.5000000000000       0.166583468680432     
   62.6000000000000       0.195983965269966     
   62.7000000000000       0.224234427662947     
   62.8000000000000       0.197844874153447     
   62.9000000000000       0.161089322899476     
   63.0000000000000       0.172363791924174     
   63.1000000000000       0.195421299117001     
   63.2000000000000       0.176542862234909     
   63.3000000000000       0.152915498903504     
   63.4000000000000       0.177268226618195     
   63.5000000000000       0.206764062745333     
   63.6000000000000       0.178425024523341     
   63.7000000000000       0.131491129063821     
   63.8000000000000       0.141104393352670     
   63.9000000000000       0.183777834251165     
   64.0000000000000       0.180711468497046     
   64.1000000000000       0.131219312705593     
   64.2000000000000       9.717038337068290E-002
   64.3000000000000       9.281969686583874E-002
   64.4000000000000       8.966426944527284E-002
   64.5000000000000       9.466011724491469E-002
   64.6000000000000       0.127647256283431     
   64.7000000000000       0.154474702463234     
   64.8000000000000       0.134300471571481     
   64.9000000000000       0.101144579281065     
   65.0000000000000       0.111182041151593     
   65.1000000000000       0.143434872630356     
   65.2000000000000       0.140418089053289     
   65.3000000000000       0.112646705645925     
   65.4000000000000       0.111983737524332     
   65.5000000000000       0.131569199696048     
   65.6000000000000       0.123882107061004     
   65.7000000000000       9.439847441243926E-002
   65.8000000000000       8.888431643780265E-002
   65.9000000000000       0.107225647719654     
   66.0000000000000       0.113859482736547     
   66.1000000000000       0.114766835863914     
   66.2000000000000       0.140393721374929     
   66.3000000000000       0.167969153441378     
   66.4000000000000       0.145363146134504     
   66.5000000000000       8.449571342586046E-002
   66.6000000000000       5.151886918814236E-002
   66.7000000000000       6.576662719601845E-002
   66.8000000000000       8.106100112695133E-002
   66.9000000000000       6.969000456201088E-002
   67.0000000000000       5.839265098667912E-002
   67.1000000000000       7.242995379164840E-002
   67.2000000000000       9.855692627361112E-002
   67.3000000000000       0.113597581636041     
   67.4000000000000       0.109714932989971     
   67.5000000000000       8.808699335475587E-002
   67.6000000000000       5.923777565883639E-002
   67.7000000000000       4.562729274049040E-002
   67.8000000000000       5.745355734857877E-002
   67.9000000000000       7.579458214328377E-002
   68.0000000000000       8.056437969684055E-002
   68.1000000000000       7.665196249426193E-002
   68.2000000000000       7.377534293405583E-002
   68.3000000000000       6.702353332893618E-002
   68.4000000000000       5.700654590652712E-002
   68.5000000000000       5.851339281006021E-002
   68.6000000000000       7.092908609906579E-002
   68.7000000000000       7.502663775005686E-002
   68.8000000000000       7.297405965720732E-002
   68.9000000000000       8.708336363302335E-002
   69.0000000000000       0.106206561409008     
   69.1000000000000       9.031966463632293E-002
   69.2000000000000       4.636868488643622E-002
   69.3000000000000       3.314063365177361E-002
   69.4000000000000       6.459552234635729E-002
   69.5000000000000       8.104336230644035E-002
   69.6000000000000       5.140116479113607E-002
   69.7000000000000       2.673094098304052E-002
   69.8000000000000       4.641470198884967E-002
   69.9000000000000       6.980345883997066E-002
   70.0000000000000       5.804522249312757E-002
   70.1000000000000       4.741100383096125E-002
   70.2000000000000       7.428081366262410E-002
   70.3000000000000       9.816966272436867E-002
   70.4000000000000       7.379656168013168E-002
   70.5000000000000       3.639352112211150E-002
   70.6000000000000       3.797655157134161E-002
   70.7000000000000       5.663366347825774E-002
   70.8000000000000       4.862986722326024E-002
   70.9000000000000       3.613217311727140E-002
   71.0000000000000       5.907359140228730E-002
   71.1000000000000       8.796913225192493E-002
   71.2000000000000       7.171380577196407E-002
   71.3000000000000       3.253762200088425E-002
   71.4000000000000       2.797459091039706E-002
   71.5000000000000       5.242472240597321E-002
   71.6000000000000       5.963002632736505E-002
   71.7000000000000       5.195351244912449E-002
   71.8000000000000       6.402819048111541E-002
   71.9000000000000       8.396207006902276E-002
   72.0000000000000       7.284216079485564E-002
   72.1000000000000       4.164447217744688E-002
   72.2000000000000       3.132201367294760E-002
   72.3000000000000       3.671979467531694E-002
   72.4000000000000       2.580682451680880E-002
   72.5000000000000       1.330511246845215E-002
   72.6000000000000       3.638966774052879E-002
   72.7000000000000       7.399749948304596E-002
   72.8000000000000       7.080861678620445E-002
   72.9000000000000       3.190202868086356E-002
   73.0000000000000       1.559974413900067E-002
   73.1000000000000       3.598577207416759E-002
   73.2000000000000       4.740912134194258E-002
   73.3000000000000       2.815680074037780E-002
   73.4000000000000       9.658819010443770E-003
   73.5000000000000       1.400418483646904E-002
   73.6000000000000       2.322590684657633E-002
   73.7000000000000       2.157499361311480E-002
   73.8000000000000       1.787445365308793E-002
   73.9000000000000       1.766229542857875E-002
   74.0000000000000       1.546252734717013E-002
   74.1000000000000       1.694915776236197E-002
   74.2000000000000       3.026119497398477E-002
   74.3000000000000       3.921764722860879E-002
   74.4000000000000       2.371052271995103E-002
   74.5000000000000      -7.441704107231384E-004
   74.6000000000000      -3.418424074200288E-003
   74.7000000000000       1.079876976707625E-002
   74.8000000000000       1.178541909939831E-002
   74.9000000000000      -3.381468141818195E-003
   75.0000000000000      -9.804884071648423E-003
   75.1000000000000      -4.438208552765277E-004
   75.2000000000000       6.887729292382766E-003
   75.3000000000000       4.643774107059018E-003
   75.4000000000000       3.480321275498521E-003
   75.5000000000000       8.277378435832566E-003
   75.6000000000000       1.395395317794310E-002
   75.7000000000000       1.920405304382511E-002
   75.8000000000000       2.282168552794522E-002
   75.9000000000000       1.823785807759865E-002
   76.0000000000000       9.393578093261273E-003
   76.1000000000000       1.233885292894019E-002
   76.2000000000000       2.441768989252022E-002
   76.3000000000000       2.005109624610787E-002
   76.4000000000000      -3.981920793627580E-003
   76.5000000000000      -1.502435405511623E-002
   76.6000000000000      -2.519641155243613E-005
   76.7000000000000       7.515559219437612E-003
   76.8000000000000      -1.292808012387522E-002
   76.9000000000000      -2.811910744699603E-002
   77.0000000000000      -9.805515798882308E-003
   77.1000000000000       1.144670172837720E-002
   77.2000000000000       2.575519998804787E-004
   77.3000000000000      -1.789195816177205E-002
   77.4000000000000      -1.892821976164583E-003
   77.5000000000000       2.939096729524387E-002
   77.6000000000000       2.863341634942751E-002
   77.7000000000000       9.135318420983585E-004
   77.8000000000000      -9.330679611991327E-003
   77.9000000000000       5.430788561250871E-003
   78.0000000000000       1.215894289555450E-002
   78.1000000000000      -9.542101154187133E-004
   78.2000000000000      -1.300966401778264E-002
   78.3000000000000      -1.389741239713727E-002
   78.4000000000000      -1.234544887828101E-002
   78.5000000000000      -7.623767124926017E-003
   78.6000000000000       4.971639160584573E-003
   78.7000000000000       9.991776237556732E-003
   78.8000000000000      -7.176349672776833E-003
   78.9000000000000      -2.672873238698079E-002
   79.0000000000000      -2.056036575914455E-002
   79.1000000000000       8.677563193891513E-004
   79.2000000000000       6.238639920292749E-003
   79.3000000000000      -5.629708921479987E-003
   79.4000000000000      -1.160728420742942E-002
   79.5000000000000      -8.403079975248418E-003
   79.6000000000000      -1.169309029856223E-002
   79.7000000000000      -2.116630928667097E-002
   79.8000000000000      -2.300673108429417E-002
   79.9000000000000      -1.889634987131707E-002
   80.0000000000000      -2.056215986253998E-002
   80.1000000000000      -2.525315530742825E-002
   80.2000000000000      -2.481733048986563E-002
   80.3000000000000      -2.582367972790901E-002
   80.4000000000000      -3.406099737354522E-002
   80.5000000000000      -3.614477781245005E-002
   80.6000000000000      -2.348671546374906E-002
   80.7000000000000      -1.439070477978034E-002
   80.8000000000000      -2.406384024585946E-002
   80.9000000000000      -3.493991638004597E-002
   81.0000000000000      -2.714652773291226E-002
   81.1000000000000      -1.510706888731388E-002
   81.2000000000000      -2.093973445816188E-002
   81.3000000000000      -3.410701909219729E-002
   81.4000000000000      -3.213231746776686E-002
   81.5000000000000      -2.077842429460140E-002
   81.6000000000000      -1.915853431359497E-002
   81.7000000000000      -2.410974229658679E-002
   81.8000000000000      -2.271204304614428E-002
   81.9000000000000      -2.136943139534817E-002
   82.0000000000000      -3.015220220757923E-002
   82.1000000000000      -3.689425037630681E-002
   82.2000000000000      -2.816477082487887E-002
   82.3000000000000      -1.737775850631411E-002
   82.4000000000000      -2.226250840309531E-002
   82.5000000000000      -3.336801552696472E-002
   82.6000000000000      -3.294667491872090E-002
   82.7000000000000      -2.503908164801705E-002
   82.8000000000000      -2.087303081316143E-002
   82.9000000000000      -1.689301754091882E-002
   83.0000000000000      -1.180303698631395E-002
   83.1000000000000      -1.921808433243642E-002
   83.2000000000000      -3.869625479024699E-002
   83.3000000000000      -4.418584359838582E-002
   83.4000000000000      -2.745904602298169E-002
   83.5000000000000      -1.925745735746327E-002
   83.6000000000000      -3.792867292237152E-002
   83.7000000000000      -5.399688806517383E-002
   83.8000000000000      -4.050509816007944E-002
   83.9000000000000      -2.101689860785640E-002
   84.0000000000000      -2.703098483565006E-002
   84.1000000000000      -4.292485229680287E-002
   84.2000000000000      -3.829439647067563E-002
   84.3000000000000      -2.398661286247038E-002
   84.4000000000000      -2.850209700305416E-002
   84.5000000000000      -4.454214444878478E-002
   84.6000000000000      -4.604275078133746E-002
   84.7000000000000      -3.672271160753313E-002
   84.8000000000000      -3.714532255916810E-002
   84.9000000000000      -4.314797929284471E-002
   85.0000000000000      -3.909077748980382E-002
   85.1000000000000      -3.317091285575809E-002
   85.2000000000000      -3.953158112072694E-002
   85.3000000000000      -4.506187803887288E-002
   85.4000000000000      -3.306639938833844E-002
   85.5000000000000      -1.945514097108533E-002
   85.6000000000000      -2.649919861273406E-002
   85.7000000000000      -4.142766816240519E-002
   85.8000000000000      -3.999904549256196E-002
   85.9000000000000      -3.013302649885352E-002
   86.0000000000000      -3.287580709996014E-002
   86.1000000000000      -4.097148323743904E-002
   86.2000000000000      -3.595865087557167E-002
   86.3000000000000      -2.618750600121234E-002
   86.4000000000000      -2.881774462363745E-002
   86.5000000000000      -3.437656277439662E-002
   86.6000000000000      -2.765155650716423E-002
   86.7000000000000      -2.229562189759274E-002
   86.8000000000000      -3.540225504316682E-002
   86.9000000000000      -4.987255206305849E-002
   87.0000000000000      -4.292850909798372E-002
   87.1000000000000      -3.008012231005981E-002
   87.2000000000000      -3.810778788266396E-002
   87.3000000000000      -5.520790202029320E-002
   87.4000000000000      -5.242146094842477E-002
   87.5000000000000      -3.610456091337824E-002
   87.6000000000000      -3.398029818217826E-002
   87.7000000000000      -4.477946904241836E-002
   87.8000000000000      -4.631696980212624E-002
   87.9000000000000      -4.022729678962933E-002
   88.0000000000000      -4.522964635342214E-002
   88.1000000000000      -5.718861486203399E-002
   88.2000000000000      -5.728349870389820E-002
   88.3000000000000      -4.978119428722209E-002
   88.4000000000000      -5.251179803985776E-002
   88.5000000000000      -5.991750640917433E-002
   88.6000000000000      -5.355621586193064E-002
   88.7000000000000      -3.960712288414918E-002
   88.8000000000000      -3.912852398099111E-002
   88.9000000000000      -5.002651567663165E-002
   89.0000000000000      -5.356699451413727E-002
   89.1000000000000      -4.958205705534290E-002
   89.2000000000000      -5.188609988073069E-002
   89.3000000000000      -5.790641958930944E-002
   89.4000000000000      -5.465871279849504E-002
   89.5000000000000      -4.584127614399158E-002
   89.6000000000000      -4.371800627967359E-002
   89.7000000000000      -4.432729987746907E-002
   89.8000000000000      -3.798355362724334E-002
   89.9000000000000      -3.220916423668391E-002
   90.0000000000000      -3.805352843118595E-002
   90.1000000000000      -4.733204295373893E-002
   90.2000000000000      -4.819920456481374E-002
   90.3000000000000      -4.726881004225110E-002
   90.4000000000000      -5.248835618115028E-002
   90.5000000000000      -5.341843979375915E-002
   90.6000000000000      -4.307305770936451E-002
   90.7000000000000      -3.748280677418381E-002
   90.8000000000000      -4.778258385125723E-002
   90.9000000000000      -5.667788582034066E-002
   91.0000000000000      -4.962030957779975E-002
   91.1000000000000      -4.320835203650417E-002
   91.2000000000000      -5.325531012572315E-002
   91.3000000000000      -6.243998079102176E-002
   91.4000000000000      -5.240266099415748E-002
   91.5000000000000      -4.021804771297820E-002
   91.6000000000000      -4.735913794132042E-002
   91.7000000000000      -5.923222868890841E-002
   91.8000000000000      -5.335201698125416E-002
   91.9000000000000      -4.214509985955796E-002
   92.0000000000000      -4.804857438060985E-002
   92.1000000000000      -5.985733761669148E-002
   92.2000000000000      -5.482028665547897E-002
   92.3000000000000      -4.257591859994663E-002
   92.4000000000000      -4.588453056827066E-002
   92.5000000000000      -5.733221969373452E-002
   92.6000000000000      -5.598478312463420E-002
   92.7000000000000      -4.864371802418449E-002
   92.8000000000000      -5.414752157042605E-002
   92.9000000000000      -6.408949095613292E-002
   93.0000000000000      -5.910482338872089E-002
   93.1000000000000      -4.781451609015625E-002
   93.2000000000000      -5.055916629686556E-002
   93.3000000000000      -6.038537125964577E-002
   93.4000000000000      -5.820122824357518E-002
   93.5000000000000      -5.041443452792504E-002
   93.6000000000000      -5.389898740607149E-002
   93.7000000000000      -6.030298418540850E-002
   93.8000000000000      -5.309942218726141E-002
   93.9000000000000      -4.331399874680069E-002
   94.0000000000000      -5.034891121295684E-002
   94.1000000000000      -6.397335694833549E-002
   94.2000000000000      -6.312543332913334E-002
   94.3000000000000      -5.527293774505464E-002
   94.4000000000000      -5.895946759922823E-002
   94.5000000000000      -6.522462030812520E-002
   94.6000000000000      -5.609269330147715E-002
   94.7000000000000      -4.381728402219491E-002
   94.8000000000000      -5.049578992628819E-002
   94.9000000000000      -6.488900848278512E-002
   95.0000000000000      -6.148203717365333E-002
   95.1000000000000      -4.757417349372054E-002
   95.2000000000000      -4.889831495059650E-002
   95.3000000000000      -6.177285906459520E-002
   95.4000000000000      -6.242330336865749E-002
   95.5000000000000      -5.253674540827446E-002
   95.6000000000000      -5.308268274141136E-002
   95.7000000000000      -6.218311293843178E-002
   95.8000000000000      -6.043233358202277E-002
   95.9000000000000      -5.035204226712009E-002
   96.0000000000000      -5.100103660083444E-002
   96.1000000000000      -6.024261420237757E-002
   96.2000000000000      -5.997177270298954E-002
   96.3000000000000      -5.196360974586631E-002
   96.4000000000000      -5.251802298608727E-002
   96.5000000000000      -5.887691009054442E-002
   96.6000000000000      -5.595606873787085E-002
   96.7000000000000      -4.853719661837053E-002
   96.8000000000000      -5.249529143394815E-002
   96.9000000000000      -6.239495089803972E-002
   97.0000000000000      -6.134047273554355E-002
   97.1000000000000      -5.391825468275159E-002
   97.2000000000000      -5.616929448728136E-002
   97.3000000000000      -6.285248990800853E-002
   97.4000000000000      -5.825093871499953E-002
   97.5000000000000      -4.922563868944510E-002
   97.6000000000000      -5.351358762359387E-002
   97.7000000000000      -6.508418332068677E-002
   97.8000000000000      -6.491802359489168E-002
   97.9000000000000      -5.637280627123850E-002
   98.0000000000000      -5.636162918555494E-002
   98.1000000000000      -6.154869018440234E-002
   98.2000000000000      -5.702888712501220E-002
   98.3000000000000      -4.859571787522327E-002
   98.4000000000000      -5.253618031341863E-002
   98.5000000000000      -6.282497232846374E-002
   98.6000000000000      -6.176589181964434E-002
   98.7000000000000      -5.376073669660535E-002
   98.8000000000000      -5.562320487928972E-002
   98.9000000000000      -6.314889429787801E-002
   99.0000000000000      -6.031790289272825E-002
   99.1000000000000      -5.204932861431612E-002
   99.2000000000000      -5.486996942317571E-002
   99.3000000000000      -6.431332328984073E-002
   99.4000000000000      -6.386678819478571E-002
   99.5000000000000      -5.685176212836826E-002
   99.6000000000000      -5.777644309077104E-002
   99.7000000000000      -6.227422909194448E-002
   99.8000000000000      -5.735061815155004E-002
   99.9000000000000      -5.058250829890346E-002
   100.000000000000      -5.687909757291877E-002
