2000 157.573709 0.00262578
2000 133.344435 0.00134531
2000 112.423678 0.00755312
2000 101.565232 0.07909375
2000 91.377237 0.15052187
2000 95.636121 0.44510625
2000 98.629375 0.80832031
2000 93.197366 0.9999500000000000
2000 82.131998 0.99997187
2000 64.123769 1.00000000
2000 48.403916 1.00000000
2000 38.459629 1.00000000
2000 30.244040 1.00000000
2000 23.447041 1.00000000
2000 18.067921 1.00000000
2000 13.651352 1.00000000
2500 160.788208 0.00477422
2500 139.883554 0.01420078
2500 120.027730 0.04081016
2500 105.341548 0.08251484
2500 98.062383 0.20494922
2500 93.537334 0.38423203
2500 91.747820 0.60898984
2500 93.566324 0.99141875000000000
2500 83.869229 0.99930000
2500 66.439482 0.99988438
2500 49.993239 0.99997187
2500 40.152459 1.00000000
2500 31.982015 1.00000000
2500 24.921633 1.00000000
2500 19.528013 1.00000000
2500 15.026163 1.00000000
3000 203.174957 0.00537734
3000 186.938557 0.00813359
3000 172.487498 0.01375781
3000 145.409070 0.02158672
3000 125.054158 0.04280234
3000 109.056740 0.08997891
3000 97.499728 0.16063594
3000 90.245742 0.29504531
3000 85.811033 0.45234531
3000 87.976752 0.76026250
3000 85.073363 0.98492969
3000 68.644896 0.99935625
3000 51.802758 1.00000000
3000 41.739436 0.99995312
3000 33.503939 1.00000000
3000 26.130677 1.00000000
3000 20.442630 1.00000000
3000 15.775553 1.00000000
3500 210.539941 0.01288828
3500 193.045235 0.01586406
3500 178.270562 0.02206172
3500 151.344697 0.03532266
3500 129.581433 0.05702500
3500 113.264687 0.10026250
3500 99.590793 0.15165547
3500 91.851704 0.28179141
3500 87.683871 0.45847422
3500 82.660198 0.62073906
3500 78.885735 0.76686172
3500 69.980067 0.99686562
3500 52.954420 0.99959844
3500 43.717625 0.99965156
3500 34.875820 0.99986562
3500 27.859598 1.00000000
3500 22.024275 0.99994844
3500 17.284208 1.00000000
4000 217.122986 0.02387500
4000 199.102346 0.02540156
4000 184.308018 0.03394219
4000 156.623093 0.04506094
4000 134.217562 0.06875000
4000 103.084424 0.17222109
4000 86.232897 0.38542656
4000 77.596400 0.70029688
4000 68.591685 0.93399844
4000 56.498224 0.99253594
4000 45.528465 0.99853047
4000 36.512082 0.99957187
4000 29.169003 0.99977812
4000 23.343736 0.99995469
4000 18.514494 0.99997314
4500 222.455453 0.03082187
4500 204.866250 0.03631250
4500 188.292999 0.03942266
4500 160.881517 0.05965078
4500 138.499827 0.08783906
4500 105.729663 0.19615391
4500 85.891676 0.34601562
4500 74.935069 0.62286172
4500 67.173179 0.85061016
4500 56.662723 0.96013828
4500 46.510889 0.99177031
4500 37.299303 0.99699219
4500 30.092163 0.99913281
4500 24.111571 0.99947812
4500 19.140499 0.99949531
5000 193.421301 0.05440859
5000 142.411447 0.10147344
5000 108.232334 0.19556406
5000 85.953718 0.32288984
5000 73.419063 0.53311328
5000 64.918310 0.77356406
5000 56.462979 0.93006641
5000 47.200949 0.98662812
5000 38.277075 0.99556016
5000 31.298789 0.99766875
5000 25.073749 0.99899219
5000 20.049046 0.99950781
5500 198.277895 0.06212734
5500 146.162079 0.11063281
5500 109.715041 0.17112734
5500 86.794866 0.30494609
5500 72.468740 0.50900078
5500 62.959293 0.69988750
5500 54.409131 0.84134609
5500 46.181181 0.94264297
5500 38.805923 0.98099063
5500 31.765866 0.99351328
5500 25.827602 0.99737188
5500 20.605873 0.99807813
6000 202.160912 0.07052656
6000 148.932127 0.11147031
6000 112.313201 0.18951562
6000 88.233565 0.30253672
6000 72.467974 0.44155469
6000 61.797353 0.63407422
6000 54.006466 0.80752891
6000 46.067718 0.90899453
6000 38.550291 0.96007422
6000 31.872096 0.98256797
6000 26.466296 0.98238594
6000 22.036242 0.99777812
6500 206.405681 0.08510781
6500 152.201738 0.11669922
6500 114.900289 0.19660625
6500 89.320990 0.27454609
6500 71.951756 0.41103594
6500 60.968798 0.56860000
6500 52.096189 0.71237266
6500 45.506360 0.86501484
6500 38.118177 0.91270781
6500 32.078044 0.94777031
6500 26.727547 0.96797578
6500 22.660829 0.99279609
7000 210.448921 0.11196250
7000 155.605708 0.11779062
7000 116.970089 0.19239141
7000 91.056557 0.29041484
7000 72.763510 0.38967969
7000 60.182071 0.53423047
7000 51.495676 0.68496406
7000 44.002542 0.78347969
7000 37.758117 0.86455625
7000 32.053265 0.91411797
7000 26.705968 0.94112344
7000 22.649626 0.95563281
7000 19.414815 0.97683750
7000 16.100264 0.9771750000000000
7500 214.612292 0.12588047
7500 159.037407 0.14529219
7500 120.212973 0.20230625
7500 92.572576 0.31193125
7500 73.620989 0.38873047
7500 60.661735 0.51670781
7500 50.924069 0.61727734
7500 43.009322 0.71195312
7500 37.033710 0.81875547
7500 31.994090 0.88094063
7500 27.169025 0.91410938
7500 23.316033 0.96622500
7500 19.540350 0.95876562
7500 16.781020 0.98246406
8000 218.279212 0.14366562
8000 162.017800 0.18616484
8000 122.433458 0.20061328
8000 94.385529 0.27983906
8000 74.594654 0.35108125
8000 60.922318 0.48117422
8000 50.801496 0.56785391
8000 42.861845 0.69226797
8000 36.607933 0.77312031
8000 31.069117 0.82155234
8000 26.787534 0.88429922
8000 22.820848 0.92393828
8000 19.460138 0.92635937
8000 16.790241 0.96506797
8500 222.459308 0.14722266
8500 165.155376 0.19412266
8500 124.328979 0.20009062
8500 96.329961 0.30518281
8500 75.372249 0.36644297
8500 60.951005 0.45255625
8500 50.384613 0.55056797
8500 42.425437 0.65227578
8500 36.676641 0.73053750
8500 30.944800 0.80793516
8500 26.598932 0.84213906
8500 22.662999 0.88214375
8500 19.604293 0.91298125
8500 16.712591 0.92473906
9000 225.853163 0.00000000
9000 168.174083 0.19568125
9000 127.192447 0.26168203
9000 97.502256 0.27427422
9000 76.822526 0.35775625
9000 61.375391 0.41630781
9000 50.751901 0.52683828
9000 42.209472 0.59376016
9000 35.887048 0.69540000
9000 30.212580 0.73940703
9000 26.215584 0.80812266
9000 22.629416 0.83849688
9000 19.662460 0.88290547
9000 17.057665 0.90625469
9500 229.445038 0.17950078
9500 171.467902 0.22698281
9500 129.775103 0.27897031
9500 99.884018 0.27834219
9500 77.847621 0.35336484
9500 62.917632 0.44167578
9500 51.263554 0.48848672
9500 42.609987 0.56259844
9500 35.732248 0.63627969
9500 30.332426 0.70713047
9500 26.030419 0.76104531
9500 22.270531 0.79385938
9500 19.085442 0.81950859
9500 16.728882 0.86351797
10000 233.462505 0.16859219
10000 174.204262 0.20629375
10000 132.090314 0.27947656
10000 101.537900 0.27830156
10000 79.666411 0.32805625
10000 63.637554 0.40611016
10000 51.517827 0.47319219
10000 42.541401 0.53991094
10000 35.952737 0.62135312
10000 30.359062 0.66369609
10000 25.982792 0.71941016
10000 22.254768 0.75307969
10000 19.347222 0.80416328
10000 16.574391 0.82903359
