2000 157.573709 0.714765684508
2000 133.344435 0.651002117673
2000 112.423678 0.597132326313
2000 101.565232 0.436860559338
2000 91.377237 0.359789969807
2000 95.636121 0.219245697971
2000 98.629375 0.0855243110361
2000 93.197366 0.0280916072422
2000 82.131998 0.0267478881667
2000 64.123769 0.0185288970927
2000 48.403916 0.018914038766
2000 38.459629 0.0111607829466
2000 30.244040 0.00802646781696
2000 23.447041 0.00830490083688
2000 18.067921 0.00762599138342
2000 13.651352 0.00924159090059
2500 160.788208 0.70078892676
2500 139.883554 0.492331623117
2500 120.027730 0.424115451162
2500 105.341548 0.31290112532
2500 98.062383 0.218319855544
2500 93.537334 0.168482807165
2500 91.747820 0.100334976885
2500 93.566324 0.0241357685303
2500 83.869229 0.0176780616982
2500 66.439482 0.0118159193299
2500 49.993239 0.0137651509303
2500 40.152459 0.00802297074348
2500 31.982015 0.00673341079962
2500 24.921633 0.00599492441683
2500 19.528013 0.00666891036974
2500 15.026163 0.00556560847191
3000 203.174957 0.504302713557
3000 186.938557 0.442443282551
3000 172.487498 0.39440658415
3000 145.409070 0.345067011277
3000 125.054158 0.266708247454
3000 109.056740 0.199773792294
3000 97.499728 0.172440225392
3000 90.245742 0.0992028418941
3000 85.811033 0.0768356675422
3000 87.976752 0.0318943481478
3000 85.073363 0.0130492731462
3000 68.644896 0.00910846794141
3000 51.802758 0.0104567836708
3000 41.739436 0.00736988551659
3000 33.503939 0.0046338226209
3000 26.130677 0.00493686931323
3000 20.442630 0.0054916668588
3000 15.775553 0.00492048959383
3500 210.539941 0.330417471396
3500 193.045235 0.2889518556
3500 178.270562 0.252002302249
3500 151.344697 0.222661815174
3500 129.581433 0.163043734627
3500 113.264687 0.122952322764
3500 99.590793 0.0946513631446
3500 91.851704 0.0710961499862
3500 87.683871 0.042406896375
3500 82.660198 0.02899626723
3500 78.885735 0.0217859514591
3500 69.980067 0.00599192516341
3500 52.954420 0.00967665516632
3500 43.717625 0.00515705861114
3500 34.875820 0.00498868704486
3500 27.859598 0.00478293429849
3500 22.024275 0.00456833431108
3500 17.284208 0.00489302381186
4000 217.122986 0.175345635283
4000 199.102346 0.16504350794
4000 184.308018 0.143229629131
4000 156.623093 0.120554852218
4000 134.217562 0.0915066414816
4000 103.084424 0.0544332301498
4000 86.232897 0.0270527852977
4000 77.596400 0.0133125769339
4000 68.591685 0.00730754399752
4000 56.498224 0.0045302671685
4000 45.528465 0.00486172583517
4000 36.512082 0.00428404149408
4000 29.169003 0.00421237798992
4000 23.343736 0.00371609640263
4000 18.514494 0.00427358024691
4500 222.455453 0.100666695878
4500 204.866250 0.0978307329275
4500 188.292999 0.0831702478
4500 160.881517 0.0670599512687
4500 138.499827 0.0530380165737
4500 105.729663 0.0282097876659
4500 85.891676 0.019340339056
4500 74.935069 0.0104763393448
4500 67.173179 0.00650277489101
4500 56.662723 0.0047682171787
4500 46.510889 0.00367191784838
4500 37.299303 0.00366346095896
4500 30.092163 0.0038791799582
4500 24.111571 0.00395656698325
4500 19.140499 0.00396235802692
5000 193.421301 0.0462284408938
5000 142.411447 0.0311266586535
5000 108.232334 0.0190693931769
5000 85.953718 0.0143990782402
5000 73.419063 0.0078734005277
5000 64.918310 0.00593627575626
5000 56.462979 0.00371460181386
5000 47.200949 0.00396822313225
5000 38.277075 0.0035504947764
5000 31.298789 0.00361825631883
5000 25.073749 0.00308786456343
5000 20.049046 0.0035716429043
5500 198.277895 0.0279948408018
5500 146.162079 0.0150810278815
5500 109.715041 0.0114424005599
5500 86.794866 0.00784241267104
5500 72.468740 0.00621686854537
5500 62.959293 0.0044869161044
5500 54.409131 0.00449182508538
5500 46.181181 0.00409145233605
5500 38.805923 0.00345631165129
5500 31.765866 0.00332049878131
5500 25.827602 0.00409054074282
5500 20.605873 0.00341605468435
6000 202.160912 0.0134004946069
6000 148.932127 0.0100264036582
6000 112.313201 0.00778294838407
6000 88.233565 0.00445485213282
6000 72.467974 0.00391529429547
6000 61.797353 0.00382920670137
6000 54.006466 0.0031946288791
6000 46.067718 0.00319674488128
6000 38.550291 0.00338518891357
6000 31.872096 0.00318401869199
6000 26.466296 0.00331026647387
6000 22.036242 0.00354902608121
6500 206.405681 0.00816260780702
6500 152.201738 0.0045784081214
6500 114.900289 0.00483895383494
6500 89.320990 0.00280855060962
6500 71.951756 0.00316841921733
6500 60.968798 0.00245899098714
6500 52.096189 0.00227924011532
6500 45.506360 0.00273971893057
6500 38.118177 0.00308308885616
6500 32.078044 0.0030163948001
6500 26.727547 0.00329278859488
6500 22.660829 0.00321695842131
7000 210.448921 0.00490658760041
7000 155.605708 0.00366499404428
7000 116.970089 0.00277945991967
7000 91.056557 0.00161419184425
7000 72.763510 0.00165951211547
7000 60.182071 0.00187732458856
7000 51.495676 0.00173697056464
7000 44.002542 0.00218463864989
7000 37.758117 0.00261408464318
7000 32.053265 0.00291136259533
7000 26.705968 0.00303720577069
7000 22.649626 0.00383080455498
7000 19.414815 0.00320354452265
7000 16.100264 0.00343891697705
7500 214.612292 0.00253343343652
7500 159.037407 0.00216604701995
7500 120.212973 0.00154892064959
7500 92.572576 0.00144943474622
7500 73.620989 0.00106705585521
7500 60.661735 0.0014064782405
7500 50.924069 0.00156627939252
7500 43.009322 0.00193511039102
7500 37.033710 0.0020140317497
7500 31.994090 0.00243389822319
7500 27.169025 0.00279685814432
7500 23.316033 0.00238230787583
7500 19.540350 0.00319665992886
7500 16.781020 0.00275159865821
8000 218.279212 0.00117132345801
8000 162.017800 0.00109251976112
8000 122.433458 0.00116639777344
8000 94.385529 0.00104534113396
8000 74.594654 0.000768049816469
8000 60.922318 0.000783378247594
8000 50.801496 0.00130917031547
8000 42.861845 0.00121390948739
8000 36.607933 0.00168953026227
8000 31.069117 0.00235475150902
8000 26.787534 0.00269996130601
8000 22.820848 0.00246337240851
8000 19.460138 0.00304234692386
8000 16.790241 0.00377287822847
8500 222.459308 0.00112316581166
8500 165.155376 0.000669302529912
8500 124.328979 0.000794875592927
8500 96.329961 0.00071780147662
8500 75.372249 0.000705137156935
8500 60.951005 0.000878565670413
8500 50.384613 0.000794536761775
8500 42.425437 0.0010942694112
8500 36.676641 0.00143608721468
8500 30.944800 0.00150841530149
8500 26.598932 0.00219428847223
8500 22.662999 0.00265339252727
8500 19.604293 0.00243035952797
8500 16.712591 0.0025820017471
9000 225.853163 0.000588850860137
9000 168.174083 0.000396042337702
9000 127.192447 0.000355542668572
9000 97.502256 0.000319187848087
9000 76.822526 0.000454734109977
9000 61.375391 0.000559059744334
9000 50.751901 0.000574922005701
9000 42.209472 0.000673882937646
9000 35.887048 0.00105285141505
9000 30.212580 0.00105176584589
9000 26.215584 0.00156201133298
9000 22.629416 0.00189828629084
9000 19.662460 0.00165176635765
9000 17.057665 0.0028002753862
9500 229.445038 0.000527851066389
9500 171.467902 0.000427167138222
9500 129.775103 0.000419161469641
9500 99.884018 0.000330973884173
9500 77.847621 0.000202983775118
9500 62.917632 0.000274716256118
9500 51.263554 0.000304905962855
9500 42.609987 0.000639650013898
9500 35.732248 0.000902488140823
9500 30.332426 0.000783898432979
9500 26.030419 0.00135671643592
9500 22.270531 0.00133153270862
9500 19.085442 0.0017866267077
9500 16.728882 0.00222617451971
10000 233.462505 0.000186432565173
10000 174.204262 0.000277264165166
10000 132.090314 0.000164495613162
10000 101.537900 0.000122037876749
10000 79.666411 0.000313989395289
10000 63.637554 0.00033716753336
10000 51.517827 0.000335264271198
10000 42.541401 0.000571665428922
10000 35.952737 0.000408113609165
10000 30.359062 0.000728845370926
10000 25.982792 0.000955587992507
10000 22.254768 0.00133550550304
10000 19.347222 0.00155892826263
10000 16.574391 0.00153989329021
