2000 5.099270308 -5.23131
2000 5.635617438 -5.60147
2000 6.208313619 -5.89314
2000 6.818550623 -6.21988
2000 7.467520222 -6.55679
2000 8.156414189 -6.83495
2000 8.886424295 -7.06136
2000 9.658742313 -7.23699
2000 10.47456001 -7.37677
2000 11.33506917 -7.49062
2000 12.24146156 -7.57321
2000 13.19492895 -7.63311
2500 5.099270308 -5.07173
2500 5.635617438 -5.37892
2500 6.208313619 -5.67795
2500 6.818550623 -6.03236
2500 7.467520222 -6.42747
2500 8.156414189 -6.70782
2500 8.886424295 -6.92571
2500 9.658742313 -7.11062
2500 10.47456001 -7.2602
2500 11.33506917 -7.37269
2500 12.24146156 -7.45965
2500 13.19492895 -7.52476
3000 5.099270308 -4.7891
3000 5.635617438 -5.17475
3000 6.208313619 -5.48766
3000 6.818550623 -5.81445
3000 7.467520222 -6.26899
3000 8.156414189 -6.5699
3000 8.886424295 -6.79324
3000 9.658742313 -6.9872
3000 10.47456001 -7.14799
3000 11.33506917 -7.26075
3000 12.24146156 -7.34619
3000 13.19492895 -7.40383
3500 5.099270308 -4.60179
3500 5.635617438 -4.9947
3500 6.208313619 -5.3045
3500 6.818550623 -5.64504
3500 7.467520222 -6.03179
3500 8.156414189 -6.44383
3500 8.886424295 -6.65879
3500 9.658742313 -6.87289
3500 10.47456001 -7.03183
3500 11.33506917 -7.15546
3500 12.24146156 -7.24652
3500 13.19492895 -7.31284
4000 5.099270308 -4.41013
4000 5.635617438 -4.81454
4000 6.208313619 -5.13995
4000 6.818550623 -5.46284
4000 7.467520222 -5.84887
4000 8.156414189 -6.26161
4000 8.886424295 -6.55195
4000 9.658742313 -6.75626
4000 10.47456001 -6.93164
4000 11.33506917 -7.05468
4000 12.24146156 -7.15484
4000 13.19492895 -7.22294
4500 5.099270308 -4.23788
4500 5.635617438 -4.64752
4500 6.208313619 -4.977
4500 6.818550623 -5.29213
4500 7.467520222 -5.64664
4500 8.156414189 -6.05242
4500 8.886424295 -6.37624
4500 9.658742313 -6.62662
4500 10.47456001 -6.80027
4500 11.33506917 -6.93288
4500 12.24146156 -7.03579
4500 13.19492895 -7.10298
5000 5.099270308 -4.06238
5000 5.635617438 -4.48403
5000 6.208313619 -4.81612
5000 6.818550623 -5.13078
5000 7.467520222 -5.46864
5000 8.156414189 -5.85545
5000 8.886424295 -6.20753
5000 9.658742313 -6.48862
5000 10.47456001 -6.67413
5000 11.33506917 -6.83182
5000 12.24146156 -6.93087
5000 13.19492895 -7.00057
5500 5.099270308 -3.90319
5500 5.635617438 -4.32035
5500 6.208313619 -4.66775
5500 6.818550623 -4.97065
5500 7.467520222 -5.28836
5500 8.156414189 -5.62561
5500 8.886424295 -5.97185
5500 9.658742313 -6.28467
5500 10.47456001 -6.53208
5500 11.33506917 -6.68505
5500 12.24146156 -6.8093
5500 13.19492895 -6.89071
6000 5.099270308 -3.73389
6000 5.635617438 -4.17441
6000 6.208313619 -4.52334
6000 6.818550623 -4.82291
6000 7.467520222 -5.12078
6000 8.156414189 -5.44682
6000 8.886424295 -5.80583
6000 9.658742313 -6.0985
6000 10.47456001 -6.35202
6000 11.33506917 -6.52928
6000 12.24146156 -6.66447
6000 13.19492895 -6.81441
6500 5.099270308 -3.59225
6500 5.635617438 -4.01995
6500 6.208313619 -4.37646
6500 6.818550623 -4.66272
6500 7.467520222 -4.9591
6500 8.156414189 -5.24307
6500 8.886424295 -5.55883
6500 9.658742313 -5.89739
6500 10.47456001 -6.13434
6500 11.33506917 -6.33518
6500 12.24146156 -6.50562
6500 13.19492895 -6.6752
7000 5.099270308 -3.43875
7000 5.635617438 -3.88249
7000 6.208313619 -4.23429
7000 6.818550623 -4.51458
7000 7.467520222 -4.78884
7000 8.156414189 -5.06822
7000 8.886424295 -5.38426
7000 9.658742313 -5.66092
7000 10.47456001 -5.91399
7000 11.33506917 -6.13372
7000 12.24146156 -6.30996
7000 13.19492895 -6.43366
7500 5.099270308 -3.29405
7500 5.635617438 -3.74554
7500 6.208313619 -4.09016
7500 6.818550623 -4.38035
7500 7.467520222 -4.63694
7500 8.156414189 -4.90732
7500 8.886424295 -5.17063
7500 9.658742313 -5.42066
7500 10.47456001 -5.69334
7500 11.33506917 -5.95828
7500 12.24146156 -6.12555
7500 13.19492895 -6.35751
8000 5.099270308 -3.14828
8000 5.635617438 -3.60175
8000 6.208313619 -3.95051
8000 6.818550623 -4.23418
8000 7.467520222 -4.48509
8000 8.156414189 -4.74324
8000 8.886424295 -4.98889
8000 9.658742313 -5.2238
8000 10.47456001 -5.48232
8000 11.33506917 -5.69002
8000 12.24146156 -5.92934
8000 13.19492895 -6.10188
8500 5.099270308 -3.01094
8500 5.635617438 -3.46956
8500 6.208313619 -3.81371
8500 6.818550623 -4.09084
8500 7.467520222 -4.3281
8500 8.156414189 -4.56786
8500 8.886424295 -4.80206
8500 9.658742313 -5.0344
8500 10.47456001 -5.2921
8500 11.33506917 -5.49346
8500 12.24146156 -5.66133
8500 13.19492895 -5.83653
9000 5.099270308 -2.88115
9000 5.635617438 -3.33145
9000 6.208313619 -3.67653
9000 6.818550623 -3.95485
9000 7.467520222 -4.18431
9000 8.156414189 -4.39687
9000 8.886424295 -4.63054
9000 9.658742313 -4.82045
9000 10.47456001 -5.06177
9000 11.33506917 -5.21934
9000 12.24146156 -5.42563
9000 13.19492895 -5.60103
9500 5.099270308 -2.74298
9500 5.635617438 -3.19388
9500 6.208313619 -3.53314
9500 6.818550623 -3.80796
9500 7.467520222 -4.0413
9500 8.156414189 -4.26371
9500 8.886424295 -4.45043
9500 9.658742313 -4.65767
9500 10.47456001 -4.82225
9500 11.33506917 -5.04368
9500 12.24146156 -5.22069
9500 13.19492895 -5.34637
10000 5.099270308 -2.60911
10000 5.635617438 -3.06347
10000 6.208313619 -3.41316
10000 6.818550623 -3.6759
10000 7.467520222 -3.90107
10000 8.156414189 -4.11169
10000 8.886424295 -4.28244
10000 9.658742313 -4.45749
10000 10.47456001 -4.63821
10000 11.33506917 -4.81047
10000 12.24146156 -4.95534
10000 13.19492895 -5.10891
