2000 5.099270308 157.573709
2000 5.635617438 112.423678
2000 6.208313619 91.377237
2000 6.818550623 98.629375
2000 7.467520222 82.131998
2000 8.156414189 64.123769
2000 8.886424295 48.403916
2000 9.658742313 38.459629
2000 10.47456001 30.24404
2000 11.33506917 23.447041
2000 12.24146156 18.067921
2000 13.19492895 13.651352
2500 5.099270308 160.788208
2500 5.635617438 120.02773
2500 6.208313619 98.062383
2500 6.818550623 91.74782
2500 7.467520222 83.869229
2500 8.156414189 66.439482
2500 8.886424295 49.993239
2500 9.658742313 40.152459
2500 10.47456001 31.982015
2500 11.33506917 24.921633
2500 12.24146156 19.528013
2500 13.19492895 15.026163
3000 5.099270308 172.487498
3000 5.635617438 125.054158
3000 6.208313619 97.499728
3000 6.818550623 85.811033
3000 7.467520222 85.073363
3000 8.156414189 68.644896
3000 8.886424295 51.802758
3000 9.658742313 41.739436
3000 10.47456001 33.503939
3000 11.33506917 26.130677
3000 12.24146156 20.44263
3000 13.19492895 15.775553
3500 5.099270308 178.270562
3500 5.635617438 129.581433
3500 6.208313619 99.590793
3500 6.818550623 87.683871
3500 7.467520222 78.885735
3500 8.156414189 69.980067
3500 8.886424295 52.95442
3500 9.658742313 43.717625
3500 10.47456001 34.87582
3500 11.33506917 27.859598
3500 12.24146156 22.024275
3500 13.19492895 17.284208
4000 5.099270308 184.308018
4000 5.635617438 134.217562
4000 6.208313619 103.084424
4000 6.818550623 86.232897
4000 7.467520222 77.5964
4000 8.156414189 68.591685
4000 8.886424295 56.498224
4000 9.658742313 45.528465
4000 10.47456001 36.512082
4000 11.33506917 29.169003
4000 12.24146156 23.343736
4000 13.19492895 18.514494
4500 5.099270308 188.292999
4500 5.635617438 138.499827
4500 6.208313619 105.729663
4500 6.818550623 85.891676
4500 7.467520222 74.935069
4500 8.156414189 67.173179
4500 8.886424295 56.662723
4500 9.658742313 46.510889
4500 10.47456001 37.299303
4500 11.33506917 30.092163
4500 12.24146156 24.111571
4500 13.19492895 19.140499
5000 5.099270308 193.421301
5000 5.635617438 142.411447
5000 6.208313619 108.232334
5000 6.818550623 85.953718
5000 7.467520222 73.419063
5000 8.156414189 64.91831
5000 8.886424295 56.462979
5000 9.658742313 47.200949
5000 10.47456001 38.277075
5000 11.33506917 31.298789
5000 12.24146156 25.073749
5000 13.19492895 20.049046
5500 5.099270308 198.277895
5500 5.635617438 146.162079
5500 6.208313619 109.715041
5500 6.818550623 86.794866
5500 7.467520222 72.46874
5500 8.156414189 62.959293
5500 8.886424295 54.409131
5500 9.658742313 46.181181
5500 10.47456001 38.805923
5500 11.33506917 31.765866
5500 12.24146156 25.827602
5500 13.19492895 20.605873
6000 5.099270308 202.160912
6000 5.635617438 148.932127
6000 6.208313619 112.313201
6000 6.818550623 88.233565
6000 7.467520222 72.467974
6000 8.156414189 61.797353
6000 8.886424295 54.006466
6000 9.658742313 46.067718
6000 10.47456001 38.550291
6000 11.33506917 31.872096
6000 12.24146156 26.466296
6000 13.19492895 22.036242
6500 5.099270308 206.405681
6500 5.635617438 152.201738
6500 6.208313619 114.900289
6500 6.818550623 89.32099
6500 7.467520222 71.951756
6500 8.156414189 60.968798
6500 8.886424295 52.096189
6500 9.658742313 45.50636
6500 10.47456001 38.118177
6500 11.33506917 32.078044
6500 12.24146156 26.727547
6500 13.19492895 22.660829
7000 5.099270308 210.448921
7000 5.635617438 155.605708
7000 6.208313619 116.970089
7000 6.818550623 91.056557
7000 7.467520222 72.76351
7000 8.156414189 60.182071
7000 8.886424295 51.495676
7000 9.658742313 44.002542
7000 10.47456001 37.758117
7000 11.33506917 32.053265
7000 12.24146156 26.705968
7000 13.19492895 22.649626
7500 5.099270308 214.612292
7500 5.635617438 159.037407
7500 6.208313619 120.212973
7500 6.818550623 92.572576
7500 7.467520222 73.620989
7500 8.156414189 60.661735
7500 8.886424295 50.924069
7500 9.658742313 43.009322
7500 10.47456001 37.03371
7500 11.33506917 31.99409
7500 12.24146156 27.169025
7500 13.19492895 23.316033
8000 5.099270308 218.279212
8000 5.635617438 162.0178
8000 6.208313619 122.433458
8000 6.818550623 94.385529
8000 7.467520222 74.594654
8000 8.156414189 60.922318
8000 8.886424295 50.801496
8000 9.658742313 42.861845
8000 10.47456001 36.607933
8000 11.33506917 31.069117
8000 12.24146156 26.787534
8000 13.19492895 22.820848
8500 5.099270308 222.459308
8500 5.635617438 165.155376
8500 6.208313619 124.328979
8500 6.818550623 96.329961
8500 7.467520222 75.372249
8500 8.156414189 60.951005
8500 8.886424295 50.384613
8500 9.658742313 42.425437
8500 10.47456001 36.676641
8500 11.33506917 30.9448
8500 12.24146156 26.598932
8500 13.19492895 22.662999
9000 5.099270308 225.853163
9000 5.635617438 168.174083
9000 6.208313619 127.192447
9000 6.818550623 97.502256
9000 7.467520222 76.822526
9000 8.156414189 61.375391
9000 8.886424295 50.751901
9000 9.658742313 42.209472
9000 10.47456001 35.887048
9000 11.33506917 30.21258
9000 12.24146156 26.215584
9000 13.19492895 22.629416
9500 5.099270308 229.445038
9500 5.635617438 171.467902
9500 6.208313619 129.775103
9500 6.818550623 99.884018
9500 7.467520222 77.847621
9500 8.156414189 62.917632
9500 8.886424295 51.263554
9500 9.658742313 42.609987
9500 10.47456001 35.732248
9500 11.33506917 30.332426
9500 12.24146156 26.030419
9500 13.19492895 22.270531
10000 5.099270308 233.462505
10000 5.635617438 174.204262
10000 6.208313619 132.090314
10000 6.818550623 101.5379
10000 7.467520222 79.666411
10000 8.156414189 63.637554
10000 8.886424295 51.517827
10000 9.658742313 42.541401
10000 10.47456001 35.952737
10000 11.33506917 30.359062
10000 12.24146156 25.982792
10000 13.19492895 22.254768
