5.099270308	4.561176068	2000	157.573709	-5.23131
5.635617438	4.127084556	2000	112.423678	-5.60147
6.208313619	3.7463748	2000	91.377237	-5.89314
6.818550623	3.411087045	2000	98.629375	-6.21988
7.467520222	3.114644353	2000	82.131998	-6.55679
8.156414189	2.85158026	2000	64.123769	-6.83495
8.886424295	2.617326038	2000	48.403916	-7.06136
9.658742313	2.408043298	2000	38.459629	-7.23699
10.47456001	2.22049133	2000	30.24404	-7.37677
11.33506917	2.051921284	2000	23.447041	-7.49062
12.24146156	1.899991237	2000	18.067921	-7.57321
13.19492895	1.762697608	2000	13.651352	-7.63311
5.099270308	4.561176068	2500	160.788208	-5.07173
5.635617438	4.127084556	2500	120.02773	-5.37892
6.208313619	3.7463748	2500	98.062383	-5.67795
6.818550623	3.411087045	2500	91.74782	-6.03236
7.467520222	3.114644353	2500	83.869229	-6.42747
8.156414189	2.85158026	2500	66.439482	-6.70782
8.886424295	2.617326038	2500	49.993239	-6.92571
9.658742313	2.408043298	2500	40.152459	-7.11062
10.47456001	2.22049133	2500	31.982015	-7.2602
11.33506917	2.051921284	2500	24.921633	-7.37269
12.24146156	1.899991237	2500	19.528013	-7.45965
13.19492895	1.762697608	2500	15.026163	-7.52476
5.099270308	4.561176068	3000	172.487498	-4.7891
5.635617438	4.127084556	3000	125.054158	-5.17475
6.208313619	3.7463748	3000	97.499728	-5.48766
6.818550623	3.411087045	3000	85.811033	-5.81445
7.467520222	3.114644353	3000	85.073363	-6.26899
8.156414189	2.85158026	3000	68.644896	-6.5699
8.886424295	2.617326038	3000	51.802758	-6.79324
9.658742313	2.408043298	3000	41.739436	-6.9872
10.47456001	2.22049133	3000	33.503939	-7.14799
11.33506917	2.051921284	3000	26.130677	-7.26075
12.24146156	1.899991237	3000	20.44263	-7.34619
13.19492895	1.762697608	3000	15.775553	-7.40383
5.099270308	4.561176068	3500	178.270562	-4.60179
5.635617438	4.127084556	3500	129.581433	-4.9947
6.208313619	3.7463748	3500	99.590793	-5.3045
6.818550623	3.411087045	3500	87.683871	-5.64504
7.467520222	3.114644353	3500	78.885735	-6.03179
8.156414189	2.85158026	3500	69.980067	-6.44383
8.886424295	2.617326038	3500	52.95442	-6.65879
9.658742313	2.408043298	3500	43.717625	-6.87289
10.47456001	2.22049133	3500	34.87582	-7.03183
11.33506917	2.051921284	3500	27.859598	-7.15546
12.24146156	1.899991237	3500	22.024275	-7.24652
13.19492895	1.762697608	3500	17.284208	-7.31284
5.099270308	4.561176068	4000	184.308018	-4.41013
5.635617438	4.127084556	4000	134.217562	-4.81454
6.208313619	3.7463748	4000	103.084424	-5.13995
6.818550623	3.411087045	4000	86.232897	-5.46284
7.467520222	3.114644353	4000	77.5964	-5.84887
8.156414189	2.85158026	4000	68.591685	-6.26161
8.886424295	2.617326038	4000	56.498224	-6.55195
9.658742313	2.408043298	4000	45.528465	-6.75626
10.47456001	2.22049133	4000	36.512082	-6.93164
11.33506917	2.051921284	4000	29.169003	-7.05468
12.24146156	1.899991237	4000	23.343736	-7.15484
13.19492895	1.762697608	4000	18.514494	-7.22294
5.099270308	4.561176068	4500	188.292999	-4.23788
5.635617438	4.127084556	4500	138.499827	-4.64752
6.208313619	3.7463748	4500	105.729663	-4.977
6.818550623	3.411087045	4500	85.891676	-5.29213
7.467520222	3.114644353	4500	74.935069	-5.64664
8.156414189	2.85158026	4500	67.173179	-6.05242
8.886424295	2.617326038	4500	56.662723	-6.37624
9.658742313	2.408043298	4500	46.510889	-6.62662
10.47456001	2.22049133	4500	37.299303	-6.80027
11.33506917	2.051921284	4500	30.092163	-6.93288
12.24146156	1.899991237	4500	24.111571	-7.03579
13.19492895	1.762697608	4500	19.140499	-7.10298
5.099270308	4.561176068	5000	193.421301	-4.06238
5.635617438	4.127084556	5000	142.411447	-4.48403
6.208313619	3.7463748	5000	108.232334	-4.81612
6.818550623	3.411087045	5000	85.953718	-5.13078
7.467520222	3.114644353	5000	73.419063	-5.46864
8.156414189	2.85158026	5000	64.91831	-5.85545
8.886424295	2.617326038	5000	56.462979	-6.20753
9.658742313	2.408043298	5000	47.200949	-6.48862
10.47456001	2.22049133	5000	38.277075	-6.67413
11.33506917	2.051921284	5000	31.298789	-6.83182
12.24146156	1.899991237	5000	25.073749	-6.93087
13.19492895	1.762697608	5000	20.049046	-7.00057
5.099270308	4.561176068	5500	198.277895	-3.90319
5.635617438	4.127084556	5500	146.162079	-4.32035
6.208313619	3.7463748	5500	109.715041	-4.66775
6.818550623	3.411087045	5500	86.794866	-4.97065
7.467520222	3.114644353	5500	72.46874	-5.28836
8.156414189	2.85158026	5500	62.959293	-5.62561
8.886424295	2.617326038	5500	54.409131	-5.97185
9.658742313	2.408043298	5500	46.181181	-6.28467
10.47456001	2.22049133	5500	38.805923	-6.53208
11.33506917	2.051921284	5500	31.765866	-6.68505
12.24146156	1.899991237	5500	25.827602	-6.8093
13.19492895	1.762697608	5500	20.605873	-6.89071
5.099270308	4.561176068	6000	202.160912	-3.73389
5.635617438	4.127084556	6000	148.932127	-4.17441
6.208313619	3.7463748	6000	112.313201	-4.52334
6.818550623	3.411087045	6000	88.233565	-4.82291
7.467520222	3.114644353	6000	72.467974	-5.12078
8.156414189	2.85158026	6000	61.797353	-5.44682
8.886424295	2.617326038	6000	54.006466	-5.80583
9.658742313	2.408043298	6000	46.067718	-6.0985
10.47456001	2.22049133	6000	38.550291	-6.35202
11.33506917	2.051921284	6000	31.872096	-6.52928
12.24146156	1.899991237	6000	26.466296	-6.66447
13.19492895	1.762697608	6000	22.036242	-6.81441
5.099270308	4.561176068	6500	206.405681	-3.59225
5.635617438	4.127084556	6500	152.201738	-4.01995
6.208313619	3.7463748	6500	114.900289	-4.37646
6.818550623	3.411087045	6500	89.32099	-4.66272
7.467520222	3.114644353	6500	71.951756	-4.9591
8.156414189	2.85158026	6500	60.968798	-5.24307
8.886424295	2.617326038	6500	52.096189	-5.55883
9.658742313	2.408043298	6500	45.50636	-5.89739
10.47456001	2.22049133	6500	38.118177	-6.13434
11.33506917	2.051921284	6500	32.078044	-6.33518
12.24146156	1.899991237	6500	26.727547	-6.50562
13.19492895	1.762697608	6500	22.660829	-6.6752
5.099270308	4.561176068	7000	210.448921	-3.43875
5.635617438	4.127084556	7000	155.605708	-3.88249
6.208313619	3.7463748	7000	116.970089	-4.23429
6.818550623	3.411087045	7000	91.056557	-4.51458
7.467520222	3.114644353	7000	72.76351	-4.78884
8.156414189	2.85158026	7000	60.182071	-5.06822
8.886424295	2.617326038	7000	51.495676	-5.38426
9.658742313	2.408043298	7000	44.002542	-5.66092
10.47456001	2.22049133	7000	37.758117	-5.91399
11.33506917	2.051921284	7000	32.053265	-6.13372
12.24146156	1.899991237	7000	26.705968	-6.30996
13.19492895	1.762697608	7000	22.649626	-6.43366
5.099270308	4.561176068	7500	214.612292	-3.29405
5.635617438	4.127084556	7500	159.037407	-3.74554
6.208313619	3.7463748	7500	120.212973	-4.09016
6.818550623	3.411087045	7500	92.572576	-4.38035
7.467520222	3.114644353	7500	73.620989	-4.63694
8.156414189	2.85158026	7500	60.661735	-4.90732
8.886424295	2.617326038	7500	50.924069	-5.17063
9.658742313	2.408043298	7500	43.009322	-5.42066
10.47456001	2.22049133	7500	37.03371	-5.69334
11.33506917	2.051921284	7500	31.99409	-5.95828
12.24146156	1.899991237	7500	27.169025	-6.12555
13.19492895	1.762697608	7500	23.316033	-6.35751
5.099270308	4.561176068	8000	218.279212	-3.14828
5.635617438	4.127084556	8000	162.0178	-3.60175
6.208313619	3.7463748	8000	122.433458	-3.95051
6.818550623	3.411087045	8000	94.385529	-4.23418
7.467520222	3.114644353	8000	74.594654	-4.48509
8.156414189	2.85158026	8000	60.922318	-4.74324
8.886424295	2.617326038	8000	50.801496	-4.98889
9.658742313	2.408043298	8000	42.861845	-5.2238
10.47456001	2.22049133	8000	36.607933	-5.48232
11.33506917	2.051921284	8000	31.069117	-5.69002
12.24146156	1.899991237	8000	26.787534	-5.92934
13.19492895	1.762697608	8000	22.820848	-6.10188
5.099270308	4.561176068	8500	222.459308	-3.01094
5.635617438	4.127084556	8500	165.155376	-3.46956
6.208313619	3.7463748	8500	124.328979	-3.81371
6.818550623	3.411087045	8500	96.329961	-4.09084
7.467520222	3.114644353	8500	75.372249	-4.3281
8.156414189	2.85158026	8500	60.951005	-4.56786
8.886424295	2.617326038	8500	50.384613	-4.80206
9.658742313	2.408043298	8500	42.425437	-5.0344
10.47456001	2.22049133	8500	36.676641	-5.2921
11.33506917	2.051921284	8500	30.9448	-5.49346
12.24146156	1.899991237	8500	26.598932	-5.66133
13.19492895	1.762697608	8500	22.662999	-5.83653
5.099270308	4.561176068	9000	225.853163	-2.88115
5.635617438	4.127084556	9000	168.174083	-3.33145
6.208313619	3.7463748	9000	127.192447	-3.67653
6.818550623	3.411087045	9000	97.502256	-3.95485
7.467520222	3.114644353	9000	76.822526	-4.18431
8.156414189	2.85158026	9000	61.375391	-4.39687
8.886424295	2.617326038	9000	50.751901	-4.63054
9.658742313	2.408043298	9000	42.209472	-4.82045
10.47456001	2.22049133	9000	35.887048	-5.06177
11.33506917	2.051921284	9000	30.21258	-5.21934
12.24146156	1.899991237	9000	26.215584	-5.42563
13.19492895	1.762697608	9000	22.629416	-5.60103
5.099270308	4.561176068	9500	229.445038	-2.74298
5.635617438	4.127084556	9500	171.467902	-3.19388
6.208313619	3.7463748	9500	129.775103	-3.53314
6.818550623	3.411087045	9500	99.884018	-3.80796
7.467520222	3.114644353	9500	77.847621	-4.0413
8.156414189	2.85158026	9500	62.917632	-4.26371
8.886424295	2.617326038	9500	51.263554	-4.45043
9.658742313	2.408043298	9500	42.609987	-4.65767
10.47456001	2.22049133	9500	35.732248	-4.82225
11.33506917	2.051921284	9500	30.332426	-5.04368
12.24146156	1.899991237	9500	26.030419	-5.22069
13.19492895	1.762697608	9500	22.270531	-5.34637
5.099270308	4.561176068	10000	233.462505	-2.60911
5.635617438	4.127084556	10000	174.204262	-3.06347
6.208313619	3.7463748	10000	132.090314	-3.41316
6.818550623	3.411087045	10000	101.5379	-3.6759
7.467520222	3.114644353	10000	79.666411	-3.90107
8.156414189	2.85158026	10000	63.637554	-4.11169
8.886424295	2.617326038	10000	51.517827	-4.28244
9.658742313	2.408043298	10000	42.541401	-4.45749
10.47456001	2.22049133	10000	35.952737	-4.63821
11.33506917	2.051921284	10000	30.359062	-4.81047
12.24146156	1.899991237	10000	25.982792	-4.95534
13.19492895	1.762697608	10000	22.254768	-5.10891
